2602 127500
2602 129000
2602 130500
2602 132000
2602 133500
2602 135000
2602 136500
2602 138000
2602 139500
2602 141000
2602 142500
2602 144000
2992 124500
2992 126000
2992 127500
2992 129000
2992 130500
2992 132000
2992 133500
2992 135000
2992 136500
2992 138000
2992 139500
2992 141000
2992 142500
2992 144000
2992 145500
2992 147000
2992 148500
3442 127500
3442 129000
3442 130500
3442 132000
3442 133500
3442 135000
3555 129000
3555 130500
3555 132000
3555 133500
3555 135000
3555 136500
3555 138000
3555 139500
3567 126000
3567 127500
3567 129000
3567 130500
3567 132000
3567 133500
3567 135000
3567 136500
3567 138000
3567 139500
3567 141000
3567 142500
3567 144000
3596 127500
3596 129000
3596 130500
3596 132000
3596 133500
3596 135000
3596 136500
3596 138000
3596 139500
3596 141000
3596 142500
3596 144000
3596 216000
3596 217500
3596 219000
3596 220500
3596 222000
3596 223500
3596 225000
3596 226500
3596 228000
3596 229500
3596 231000
3596 232500
3596 234000
3596 235500
3596 237000
3596 240000
3596 241500
3596 243000
3596 244500
3596 246000
3596 247500
3596 249000
3596 250500
3596 424500
3596 426000
3596 427500
3596 429000
3596 430500
3596 432000
3596 433500
3596 435000
3596 436500
3596 438000
3596 439500
3596 441000
3596 442500
3596 444000
3596 445500
3596 448500
3596 450000
3596 451500
3596 453000
3596 454500
3596 456000
3596 457500
3596 459000
3596 460500
3596 462000
3596 463500
3596 465000
3596 466500
3596 468000
3596 474000
3596 475500
3596 477000
3596 478500
3596 480000
3596 481500
3596 483000
3596 484500
3596 486000
3611 127500
3611 129000
3611 130500
3611 132000
3611 133500
3611 135000
3611 136500
3611 138000
3611 139500
3625 138000
3625 139500
3625 141000
3625 142500
3625 144000
3625 145500
3675 129000
3675 130500
3675 132000
3675 133500
3675 135000
3675 136500
3675 138000
3675 139500
3675 141000
3675 142500
3675 144000
3736 132000
3736 133500
3736 135000
3736 136500
3736 138000
3736 139500
3736 141000
3736 142500
3736 144000
3736 145500
3736 147000
3736 148500
3747 135000
3747 136500
3747 138000
3747 139500
3747 141000
3747 142500
3747 144000
3747 145500
3747 147000
3747 148500
3747 150000
3747 151500
3787 138000
3787 139500
3787 141000
3787 142500
3787 144000
3787 145500
3787 147000
3787 148500
3787 150000
3787 151500
3787 153000
4096 240000
4096 241500
4096 243000
4096 244500
4096 246000
4096 247500
4096 249000
4096 250500
4096 252000
4096 253500
4096 255000
4096 256500
4096 258000
4096 259500
4096 261000
4096 262500
4096 264000
4096 265500
4096 267000
4096 268500
4096 270000
4096 271500
4096 484500
4096 486000
4096 487500
4096 489000
4096 490500
4096 492000
4096 493500
4096 495000
4096 496500
4096 498000
4096 499500
4096 501000
4096 502500
4096 504000
4096 505500
4096 507000
4096 508500
4096 730500
4096 732000
4096 733500
4096 735000
4096 736500
4096 738000
4096 739500
4096 741000
4096 742500
4096 744000
4096 745500
4096 747000
4310 229500
4310 231000
4310 232500
4310 234000
4310 235500
4329 228000
4329 229500
4329 231000
4329 232500
4329 234000
4329 235500
4358 255000
4358 256500
4358 258000
4358 259500
4358 261000
4358 262500
4358 264000
4358 265500
4358 267000
4358 487500
4358 489000
4358 490500
4358 492000
4358 493500
4358 495000
4358 496500
4358 498000
4358 499500
4358 501000
4358 502500
4358 504000
4358 505500
4358 507000
4358 508500
4358 510000
4358 511500
4358 513000
4358 514500
4358 516000
4369 234000
4369 235500
4369 237000
4369 238500
4369 240000
4369 241500
4369 243000
4369 244500
4369 246000
4369 247500
4369 249000
4369 250500
4379 259500
4379 261000
4379 262500
4379 264000
4379 265500
4379 267000
4379 489000
4379 490500
4379 492000
4379 493500
4379 495000
4379 496500
4379 498000
4379 499500
4379 501000
4379 502500
4379 504000
4379 505500
4379 507000
4379 508500
4379 510000
4379 511500
4379 513000
4379 514500
4379 516000
4412 240000
4412 241500
4412 243000
4412 244500
4412 246000
4412 247500
4412 249000
4412 250500
4412 252000
4412 253500
4412 255000
4412 256500
4412 258000
4412 259500
4412 261000
4412 262500
4412 264000
4412 265500
4412 267000
4412 268500
4412 270000
4412 495000
4412 496500
4412 498000
4412 499500
4412 501000
4412 502500
4412 504000
4412 505500
4412 507000
4412 508500
4412 510000
4412 511500
4412 513000
4412 514500
4412 516000
4412 517500
4412 519000
4412 520500
4412 738000
4412 739500
4412 741000
4412 742500
4412 744000
4412 745500
4412 747000
4412 748500
4412 750000
4412 751500
4412 753000
4412 754500
4412 756000
4454 237000
4454 238500
4454 240000
4454 241500
4454 243000
4454 244500
4454 246000
4454 247500
4454 249000
4454 250500
4454 252000
4454 253500
4454 255000
4454 256500
4454 258000
4454 259500
4454 261000
4454 262500
4454 264000
4454 265500
4454 267000
4454 268500
4454 270000
4454 271500
4454 273000
4454 274500
4454 276000
4454 277500
4454 493500
4454 495000
4454 496500
4454 498000
4454 499500
4454 501000
4454 502500
4454 504000
4454 505500
4454 507000
4454 508500
4454 510000
4454 511500
4454 513000
4454 514500
4454 516000
4454 517500
4454 519000
4454 520500
4454 522000
4454 523500
4454 525000
4454 745500
4454 747000
4454 748500
4454 750000
4454 751500
4454 753000
4537 232500
4537 234000
4537 235500
4537 237000
4537 238500
4552 234000
4552 235500
4552 237000
4552 238500
4552 240000
4552 241500
4552 243000
4552 244500
4571 235500
4571 237000
4571 238500
4571 240000
4571 241500
4571 243000
4571 244500
4571 246000
4571 247500
4571 249000
4571 250500
4571 252000
4571 253500
4571 255000
4571 256500
4571 258000
4571 259500
4571 261000
4571 262500
4571 264000
4571 265500
4571 267000
4571 268500
4571 270000
4571 271500
4571 273000
4571 274500
4571 276000
4602 234000
4602 235500
4602 237000
4602 238500
4602 240000
4602 241500
4602 243000
4602 244500
4602 246000
4602 247500
4602 249000
4602 250500
4602 252000
4651 247500
4651 249000
4651 250500
4651 252000
4651 253500
4651 255000
4651 256500
4651 258000
4651 259500
4651 261000
4651 262500
4651 264000
4651 265500
4651 267000
4651 268500
4651 270000
4651 271500
4651 273000
4651 498000
4651 499500
4651 501000
4651 502500
4651 504000
4651 505500
4651 507000
4651 508500
4651 510000
4651 511500
4651 513000
4651 514500
4651 516000
4651 517500
4651 519000
4651 520500
4651 522000
4651 523500
4651 525000
4651 526500
4651 528000
4651 735000
4651 736500
4651 738000
4651 739500
4651 741000
4651 742500
4651 744000
4651 745500
4651 747000
4713 249000
4713 250500
4713 252000
4713 253500
4713 255000
4713 256500
4713 258000
4713 259500
4713 261000
4713 262500
4713 264000
4713 265500
4713 267000
4713 268500
4713 270000
4713 271500
4713 273000
4713 274500
4713 276000
4713 277500
4713 279000
4754 250500
4754 252000
4754 253500
4754 255000
4754 256500
4754 258000
4754 259500
4754 261000
4754 262500
4754 264000
4754 265500
4754 267000
4754 268500
4754 270000
4754 271500
4754 493500
4754 495000
4754 496500
4754 498000
4754 499500
4754 501000
4754 502500
4754 504000
4754 505500
4754 507000
4754 508500
4754 510000
4754 511500
4754 513000
4754 514500
4754 516000
4754 517500
4754 519000
4754 739500
4754 741000
4754 742500
4754 744000
4754 745500
4754 747000
4754 748500
4754 750000
4754 751500
4754 753000
4754 754500
4754 756000
4754 757500
4754 759000
4754 760500
4790 250500
4790 252000
4790 253500
4790 255000
4790 256500
4790 258000
4790 259500
4790 261000
4790 262500
4790 264000
4790 265500
4790 267000
4790 268500
4790 270000
4790 271500
4790 273000
4790 274500
4790 276000
4790 277500
4790 279000
4790 280500
4790 483000
4790 484500
4790 486000
4790 487500
4790 489000
4790 498000
4790 499500
4790 501000
4790 502500
4790 504000
4790 505500
4790 507000
4790 508500
4790 510000
4790 511500
4790 513000
4790 514500
4790 516000
4790 517500
4790 519000
4790 520500
4790 522000
4790 523500
4790 525000
4790 526500
4790 528000
4790 529500
4790 531000
4790 532500
4790 742500
4790 744000
4790 745500
4790 747000
4790 748500
4790 750000
4790 751500
4790 753000
4790 754500
4790 756000
4790 757500
4935 246000
4935 247500
4935 249000
4935 250500
4935 252000
4935 253500
4935 255000
4935 256500
4935 258000
4935 259500
4935 261000
4935 262500
4935 264000
4935 265500
4935 267000
4935 268500
4935 270000
4935 271500
4935 273000
4935 274500
4959 528000
4959 529500
4959 531000
4959 532500
4959 534000
4959 535500
4959 537000
4959 538500
4959 540000
4959 541500
5065 253500
5065 255000
5065 256500
5065 258000
5065 259500
5065 261000
5065 262500
5065 264000
5065 265500
5065 267000
5065 268500
5065 270000
5065 271500
5065 273000
5065 274500
5065 276000
5065 277500
5065 279000
5065 280500
5065 526500
5065 528000
5065 529500
5065 531000
5065 532500
5065 534000
5065 535500
5065 537000
5065 538500
5065 540000
5107 258000
5107 259500
5107 261000
5107 262500
5107 264000
5107 265500
5107 267000
5107 268500
5107 270000
5139 253500
5139 255000
5139 256500
5139 258000
5139 259500
5139 261000
5139 262500
5139 264000
5139 265500
5139 267000
5139 268500
5139 270000
5139 271500
5139 273000
5139 274500
5139 276000
5139 277500
5176 253500
5176 255000
5176 256500
5176 258000
5176 259500
5176 261000
5176 262500
5176 264000
5176 265500
5176 267000
5176 268500
5176 270000
5176 271500
5176 273000
5176 274500
5176 276000
5176 277500
5176 279000
5176 280500
5176 282000
5255 127500
5255 129000
5255 130500
5255 132000
5255 133500
5255 135000
5255 136500
5255 138000
5255 139500
5255 141000
5255 142500
5255 144000
5277 256500
5277 258000
5277 259500
5277 261000
5277 262500
5277 264000
5277 265500
5277 267000
5277 268500
5277 270000
5277 271500
5277 273000
5277 274500
5277 276000
5318 253500
5318 255000
5318 256500
5318 258000
5318 259500
5318 261000
5318 262500
5318 264000
5318 265500
5318 267000
5318 268500
5318 270000
5318 271500
5318 273000
5318 274500
5318 276000
5318 277500
5318 279000
5335 255000
5335 256500
5335 258000
5335 259500
5335 261000
5335 262500
5335 264000
5335 265500
5335 267000
5335 268500
5335 270000
5335 271500
5335 273000
5335 274500
5335 276000
5335 277500
5335 279000
5335 280500
5335 282000
5372 262500
5372 264000
5372 265500
5372 267000
5372 268500
5372 270000
5372 271500
5372 273000
5372 274500
5372 276000
5372 277500
5372 279000
5372 280500
5372 282000
5382 255000
5382 256500
5382 258000
5382 259500
5382 261000
5382 262500
5382 264000
5382 265500
5382 267000
5382 268500
5382 270000
5382 271500
5382 273000
5382 274500
5382 276000
5382 277500
5382 279000
5382 280500
5382 282000
5382 283500
5511 534000
5511 535500
5511 537000
5511 538500
5511 540000
5511 541500
5511 543000
5511 544500
5511 546000
5542 535500
5542 537000
5542 538500
5542 540000
5542 541500
5542 543000
5542 544500
5573 528000
5573 529500
5573 531000
5573 532500
5573 534000
5573 535500
5573 537000
5573 538500
5573 540000
5573 541500
5573 543000
5573 544500
5644 507000
5644 508500
5644 510000
5644 511500
5644 513000
5644 514500
5644 516000
5644 517500
5644 519000
5644 520500
5644 522000
5644 523500
5644 525000
5644 526500
5644 528000
5644 529500
5644 531000
5644 532500
5644 537000
5644 538500
5644 540000
5644 541500
5644 543000
5644 544500
5673 525000
5673 526500
5673 528000
5673 529500
5673 531000
5673 532500
5673 534000
5673 535500
5673 537000
5673 538500
5673 540000
5673 541500
5673 543000
5673 544500
5673 546000
5673 547500
5795 255000
5795 256500
5795 258000
5795 259500
5795 261000
5795 262500
5795 264000
5795 265500
5795 267000
5795 268500
5795 270000
5795 271500
5795 273000
5795 274500
5795 276000
5795 277500
5795 279000
5795 280500
5795 282000
5795 283500
5795 285000
5795 286500
5795 288000
5795 511500
5795 513000
5795 514500
5795 516000
5795 517500
5795 519000
5795 520500
5795 522000
5795 523500
5795 525000
5795 526500
5795 528000
5795 529500
5795 531000
5795 532500
5795 534000
5795 535500
5795 537000
5795 538500
5795 540000
5795 541500
5795 762000
5795 763500
5795 765000
5795 766500
5795 768000
5795 769500
5795 771000
5795 772500
5795 774000
5795 775500
5795 777000
5795 778500
5795 780000
5795 781500
5795 783000
5805 759000
5805 760500
5805 762000
5805 763500
5805 765000
5805 766500
5805 768000
5805 769500
5805 771000
5805 772500
5805 774000
5805 775500
5805 777000
5805 778500
5805 780000
5805 781500
5915 259500
5915 261000
5915 262500
5915 264000
5915 265500
5915 267000
5915 268500
5915 270000
5915 271500
5915 273000
5915 274500
5915 276000
5915 277500
5915 279000
5915 280500
5915 282000
5915 283500
5915 285000
5915 520500
5915 522000
5915 523500
5915 525000
5915 526500
5915 528000
5915 529500
5915 531000
5915 532500
5915 534000
5915 535500
5915 537000
5915 538500
5915 540000
5915 541500
5915 543000
5915 766500
5915 768000
5915 769500
5915 771000
5915 772500
5915 774000
5915 775500
5915 777000
5935 261000
5935 262500
5935 264000
5935 265500
5935 267000
5935 268500
5935 270000
5935 271500
5935 273000
5935 274500
5935 276000
5935 277500
5935 279000
5935 280500
5935 282000
5935 283500
5935 285000
5935 286500
5935 522000
5935 523500
5935 525000
5935 526500
5935 528000
5935 529500
5935 531000
5935 532500
5935 534000
5935 535500
5935 537000
5935 538500
5935 540000
5935 541500
5935 543000
5935 778500
5935 780000
5935 781500
5935 783000
5935 784500
5935 786000
5935 787500
6014 796500
6014 798000
6014 799500
6014 801000
6014 802500
6014 804000
6256 535500
6256 537000
6256 538500
6256 540000
6256 541500
6256 543000
6256 544500
6256 546000
6256 547500
6256 549000
6256 550500
6256 552000
6314 265500
6314 267000
6314 268500
6314 270000
6314 271500
6314 273000
6314 274500
6314 276000
6314 277500
6314 279000
6314 280500
6314 282000
6314 283500
6314 285000
6314 286500
6314 288000
6314 532500
6314 534000
6314 535500
6314 537000
6314 538500
6314 540000
6314 541500
6314 543000
6314 544500
6314 546000
6314 547500
6314 549000
6314 550500
6314 552000
6314 553500
6314 555000
6314 556500
6314 558000
6314 559500
6314 561000
6314 562500
6314 564000
6314 565500
6314 567000
6314 568500
6314 570000
6314 793500
6314 795000
6314 796500
6314 798000
6314 799500
6314 801000
6314 802500
6314 804000
6314 805500
6314 807000
6314 808500
6314 810000
6368 265500
6368 267000
6368 268500
6368 270000
6368 271500
6368 273000
6368 274500
6368 276000
6368 277500
6368 279000
6368 280500
6368 282000
6368 283500
6368 285000
6368 286500
6368 288000
6368 289500
6368 291000
6368 292500
6368 294000
6368 535500
6368 537000
6368 538500
6368 540000
6368 541500
6368 543000
6368 544500
6368 546000
6368 547500
6368 549000
6368 550500
6368 552000
6368 553500
6368 555000
6368 556500
6368 558000
6368 559500
6368 561000
6368 562500
6368 564000
6368 793500
6368 795000
6368 796500
6368 798000
6368 799500
6368 801000
6368 802500
6368 804000
6368 805500
6368 807000
6368 808500
6368 810000
6368 811500
6384 268500
6384 270000
6384 271500
6384 273000
6384 274500
6384 276000
6384 277500
6384 279000
6384 280500
6384 282000
6384 283500
6384 285000
6384 286500
6384 288000
6384 289500
6384 291000
6384 292500
6384 537000
6384 538500
6384 540000
6384 541500
6384 543000
6384 544500
6384 546000
6384 547500
6384 549000
6384 550500
6384 552000
6384 553500
6384 555000
6384 556500
6384 558000
6384 559500
6384 561000
6404 270000
6404 271500
6404 273000
6404 274500
6404 276000
6404 277500
6404 279000
6404 280500
6404 282000
6404 283500
6404 285000
6404 286500
6404 288000
6422 268500
6422 270000
6422 271500
6422 273000
6422 274500
6422 276000
6422 277500
6422 279000
6422 280500
6422 282000
6422 283500
6422 285000
6422 286500
6422 288000
6422 289500
6422 291000
6422 292500
6476 805500
6476 807000
6476 808500
6476 810000
6476 811500
6496 267000
6496 268500
6496 270000
6496 271500
6496 273000
6496 274500
6496 276000
6496 277500
6496 279000
6496 280500
6496 282000
6496 283500
6496 285000
6496 286500
6496 288000
6496 289500
6496 291000
6496 292500
6496 294000
6496 537000
6496 538500
6496 540000
6496 541500
6496 543000
6496 544500
6496 546000
6496 547500
6496 549000
6496 550500
6496 552000
6496 553500
6496 555000
6496 556500
6496 558000
6496 559500
6496 802500
6496 804000
6496 805500
6496 807000
6496 808500
6496 810000
6496 811500
6668 537000
6668 538500
6668 540000
6668 541500
6668 543000
6668 544500
6703 273000
6703 274500
6703 276000
6703 277500
6703 279000
6703 280500
6703 282000
6703 283500
6703 285000
6703 286500
6703 288000
6703 289500
6703 291000
6703 292500
6703 294000
6703 295500
6703 297000
6703 298500
6703 534000
6703 535500
6703 537000
6703 538500
6703 540000
6767 277500
6767 279000
6767 280500
6767 282000
6767 283500
6767 285000
6767 286500
6767 288000
6767 289500
6767 291000
6767 292500
6767 294000
6767 295500
6767 297000
6767 556500
6767 558000
6767 559500
6767 561000
6767 562500
6767 564000
6767 565500
6767 567000
6767 568500
6767 570000
6767 571500
6767 573000
6767 574500
6767 576000
6809 546000
6809 547500
6809 549000
6809 550500
6809 552000
6809 561000
6809 562500
6809 564000
6809 565500
6809 567000
6809 568500
6809 570000
6809 571500
6809 573000
6809 574500
6809 576000
6809 577500
6809 579000
6809 580500
6856 270000
6856 271500
6856 273000
6856 274500
6856 276000
6856 277500
6856 279000
6856 280500
6856 282000
6856 283500
6856 285000
6856 286500
6856 288000
6856 289500
6856 291000
6856 292500
6856 294000
6856 295500
6856 297000
6856 298500
6856 300000
6856 301500
6856 535500
6856 537000
6856 538500
6856 540000
6856 541500
6856 543000
6856 544500
6874 547500
6874 549000
6874 550500
6874 552000
6874 553500
6874 555000
6874 556500
6874 558000
6886 546000
6886 547500
6886 549000
6886 550500
6886 552000
6886 553500
6886 555000
6886 556500
6886 558000
6886 559500
6886 561000
6886 562500
6886 564000
6972 274500
6972 276000
6972 277500
6972 279000
6972 280500
6972 282000
6972 283500
6972 285000
6972 286500
6972 288000
6972 289500
6972 291000
6972 292500
6972 294000
6972 295500
6972 297000
6972 298500
6972 300000
6972 301500
6972 303000
6972 304500
6972 549000
6972 550500
6972 552000
6972 553500
6972 555000
6972 556500
6998 285000
6998 286500
6998 288000
6998 289500
6998 291000
6998 292500
6998 294000
6998 295500
6998 297000
6998 298500
7015 546000
7015 547500
7015 549000
7015 550500
7015 552000
7015 553500
7015 555000
7015 556500
7015 558000
7033 277500
7033 279000
7033 280500
7033 282000
7033 283500
7033 285000
7033 286500
7033 288000
7033 289500
7033 291000
7033 292500
7033 294000
7033 295500
7033 297000
7033 298500
7033 552000
7033 553500
7033 555000
7033 556500
7033 558000
7033 559500
7033 561000
7033 562500
7033 564000
7054 277500
7054 279000
7054 280500
7054 282000
7054 283500
7054 285000
7054 286500
7054 288000
7054 289500
7054 291000
7054 292500
7054 294000
7054 295500
7054 297000
7054 298500
7054 300000
7054 301500
7054 303000
7054 304500
7054 306000
7074 553500
7074 555000
7074 556500
7074 558000
7074 559500
7074 561000
7074 562500
7074 564000
7074 565500
7074 567000
7109 579000
7109 580500
7109 582000
7109 583500
7109 585000
7109 586500
7109 588000
7109 589500
7109 591000
7109 592500
7109 594000
7109 595500
7109 597000
7109 598500
7109 600000
7109 601500
7109 603000
7136 289500
7136 291000
7136 292500
7136 294000
7136 295500
7136 297000
7136 298500
7136 300000
7136 301500
7136 303000
7136 304500
7136 306000
7136 307500
7136 309000
7136 310500
7136 312000
7136 580500
7136 582000
7136 583500
7136 585000
7136 586500
7136 588000
7136 589500
7136 591000
7136 592500
7136 594000
7136 595500
7136 597000
7136 598500
7136 600000
7136 601500
7136 603000
7155 274500
7155 276000
7155 277500
7155 279000
7155 280500
7155 282000
7155 283500
7179 286500
7179 288000
7179 289500
7179 291000
7179 292500
7179 294000
7179 295500
7179 297000
7179 301500
7179 303000
7179 304500
7179 306000
7179 307500
7179 309000
7179 310500
7179 312000
7179 313500
7179 315000
7179 573000
7179 574500
7179 576000
7179 577500
7179 579000
7179 585000
7179 586500
7179 588000
7179 589500
7179 591000
7179 592500
7179 594000
7179 595500
7179 597000
7179 598500
7179 600000
7179 601500
7179 603000
7179 604500
7179 606000
7179 607500
7179 609000
7194 277500
7194 279000
7194 280500
7194 282000
7194 283500
7194 285000
7194 286500
7194 288000
7194 289500
7194 291000
7194 292500
7194 294000
7194 295500
7194 297000
7194 561000
7194 562500
7194 564000
7194 565500
7194 567000
7194 568500
7194 570000
7194 571500
7194 573000
7194 574500
7194 576000
7194 577500
7194 579000
7214 288000
7214 289500
7214 291000
7214 292500
7214 294000
7214 295500
7214 297000
7214 298500
7214 300000
7214 301500
7214 303000
7214 304500
7214 306000
7214 307500
7214 309000
7214 310500
7214 312000
7214 313500
7214 315000
7214 316500
7214 318000
7214 319500
7214 321000
7214 586500
7214 588000
7214 589500
7214 591000
7214 592500
7214 594000
7214 595500
7214 597000
7214 598500
7214 600000
7214 601500
7214 603000
7214 604500
7214 606000
7214 607500
7214 609000
7214 610500
7214 612000
7214 613500
7214 615000
7214 616500
7237 558000
7237 559500
7237 561000
7237 562500
7237 564000
7237 565500
7237 567000
7237 568500
7237 570000
7237 571500
7237 573000
7237 574500
7237 576000
7237 577500
7237 579000
7237 580500
7256 274500
7256 276000
7256 277500
7256 279000
7256 280500
7256 282000
7256 283500
7256 558000
7256 559500
7256 561000
7256 562500
7256 564000
7256 565500
7256 567000
7256 568500
7256 570000
7256 571500
7256 573000
7256 574500
7256 576000
7256 577500
7256 579000
7256 580500
7270 297000
7270 298500
7270 300000
7270 301500
7270 303000
7270 304500
7270 306000
7270 307500
7270 309000
7270 310500
7270 312000
7270 313500
7270 315000
7270 316500
7270 597000
7270 598500
7270 600000
7270 601500
7270 603000
7270 604500
7270 606000
7270 607500
7270 609000
7270 610500
7270 612000
7270 613500
7270 615000
7270 616500
7286 279000
7286 280500
7286 282000
7286 283500
7286 285000
7286 286500
7286 288000
7286 289500
7286 559500
7286 561000
7286 562500
7286 564000
7286 565500
7286 567000
7286 568500
7286 570000
7286 571500
7286 573000
7286 574500
7286 576000
7286 577500
7286 579000
7286 580500
7286 582000
7305 276000
7305 277500
7305 279000
7305 280500
7305 282000
7305 283500
7305 285000
7305 286500
7305 562500
7305 564000
7305 565500
7305 567000
7305 568500
7305 570000
7305 571500
7305 573000
7305 574500
7333 282000
7333 283500
7333 285000
7333 286500
7333 288000
7333 289500
7333 291000
7333 292500
7333 294000
7333 295500
7333 297000
7333 568500
7333 570000
7333 571500
7333 573000
7333 574500
7333 576000
7333 577500
7333 579000
7333 580500
7333 582000
7333 583500
7333 585000
7343 562500
7343 564000
7343 565500
7343 567000
7343 568500
7343 570000
7343 571500
7343 573000
7343 574500
7343 576000
7343 577500
7343 579000
7343 580500
7343 582000
7343 583500
7343 585000
7343 586500
7343 588000
7343 589500
7369 283500
7369 285000
7369 286500
7369 288000
7369 289500
7369 291000
7369 292500
7369 294000
7369 295500
7369 297000
7369 298500
7369 555000
7369 556500
7369 558000
7369 559500
7369 561000
7369 570000
7369 571500
7369 573000
7369 574500
7369 576000
7369 577500
7369 579000
7369 580500
7369 582000
7369 583500
7369 585000
7389 283500
7389 285000
7389 286500
7389 288000
7389 289500
7389 291000
7389 292500
7389 294000
7389 295500
7389 297000
7389 298500
7389 565500
7389 567000
7389 568500
7389 570000
7389 571500
7389 573000
7389 574500
7389 576000
7389 577500
7389 579000
7389 580500
7389 582000
7389 583500
7389 585000
7389 586500
7408 283500
7408 285000
7408 286500
7408 288000
7408 289500
7408 291000
7408 292500
7408 294000
7408 295500
7408 297000
7408 298500
7408 568500
7408 570000
7408 571500
7408 573000
7408 574500
7408 576000
7408 577500
7408 579000
7408 580500
7408 582000
7408 583500
7408 585000
7436 283500
7436 285000
7436 286500
7436 288000
7436 289500
7436 291000
7436 292500
7436 294000
7436 295500
7436 297000
7436 298500
7436 570000
7436 571500
7436 573000
7436 574500
7436 576000
7436 577500
7436 579000
7436 580500
7436 582000
7436 583500
7436 585000
7436 586500
7436 588000
7451 283500
7451 285000
7451 286500
7451 288000
7451 289500
7451 291000
7451 292500
7451 294000
7451 295500
7451 297000
7451 298500
7451 573000
7451 574500
7451 576000
7451 577500
7451 579000
7451 580500
7451 582000
7451 583500
7451 585000
7451 586500
7451 588000
7451 589500
7451 591000
7466 285000
7466 286500
7466 288000
7466 289500
7466 291000
7466 292500
7466 294000
7466 295500
7466 297000
7466 298500
7466 300000
7466 571500
7466 573000
7466 574500
7466 576000
7466 577500
7466 579000
7466 580500
7466 582000
7466 583500
7466 585000
7466 586500
7466 588000
7466 589500
7466 591000
7466 592500
7466 594000
7466 595500
7466 597000
7466 598500
7466 600000
7466 601500
7483 286500
7483 288000
7483 289500
7483 291000
7483 292500
7483 294000
7483 295500
7483 297000
7483 298500
7483 300000
7483 301500
7483 576000
7483 577500
7483 579000
7483 580500
7483 582000
7483 583500
7483 585000
7483 586500
7483 588000
7483 589500
7483 591000
7483 592500
7483 594000
7516 312000
7516 313500
7516 315000
7516 316500
7516 318000
7516 319500
7516 321000
7516 322500
7516 324000
7516 325500
7516 327000
7516 328500
7516 330000
7516 331500
7516 333000
7516 334500
7516 616500
7516 618000
7516 619500
7516 621000
7516 622500
7516 624000
7516 625500
7516 627000
7516 628500
7516 630000
7516 631500
7516 633000
7516 634500
7516 639000
7516 640500
7516 642000
7516 643500
7516 645000
7516 646500
7516 648000
7516 649500
7516 651000
7516 652500
7535 312000
7535 313500
7535 315000
7535 316500
7535 318000
7535 319500
7535 321000
7535 322500
7535 324000
7535 325500
7535 327000
7535 328500
7535 330000
7535 331500
7535 333000
7535 334500
7535 336000
7535 337500
7535 339000
7535 624000
7535 625500
7535 627000
7535 628500
7535 630000
7535 631500
7535 633000
7535 634500
7535 636000
7535 637500
7535 639000
7535 640500
7535 642000
7535 643500
7535 645000
7535 646500
7535 648000
7535 649500
7535 651000
7535 652500
7535 654000
7559 310500
7559 312000
7559 313500
7559 315000
7559 316500
7559 318000
7559 319500
7559 321000
7559 322500
7559 324000
7559 325500
7559 631500
7559 633000
7559 634500
7559 636000
7559 637500
7559 639000
7559 640500
7559 642000
7559 643500
7559 645000
7559 646500
7559 648000
7586 316500
7586 318000
7586 319500
7586 321000
7586 322500
7586 324000
7586 325500
7586 327000
7586 328500
7586 330000
7586 331500
7586 333000
7586 334500
7586 336000
7586 337500
7586 339000
7586 604500
7586 606000
7586 607500
7586 609000
7586 610500
7586 612000
7586 613500
7586 615000
7586 639000
7586 640500
7586 642000
7586 643500
7586 645000
7586 646500
7586 648000
7586 649500
7586 651000
7586 652500
7586 654000
7586 655500
7586 657000
7586 658500
7586 660000
7586 661500
7618 291000
7618 292500
7618 294000
7618 295500
7618 297000
7618 298500
7618 300000
7618 301500
7618 303000
7618 304500
7618 306000
7618 579000
7618 580500
7618 582000
7618 583500
7618 585000
7618 586500
7618 588000
7618 589500
7618 591000
7618 592500
7630 289500
7630 291000
7630 292500
7630 294000
7630 295500
7630 297000
7630 298500
7630 300000
7630 301500
7630 303000
7652 322500
7652 324000
7652 325500
7652 327000
7652 328500
7652 330000
7652 331500
7652 333000
7652 334500
7652 336000
7652 337500
7652 339000
7652 340500
7652 342000
7652 343500
7652 345000
7652 346500
7652 613500
7652 615000
7652 616500
7652 618000
7652 619500
7652 621000
7652 622500
7652 624000
7652 636000
7652 637500
7652 639000
7652 640500
7652 642000
7652 643500
7652 645000
7652 646500
7652 648000
7652 649500
7652 651000
7652 654000
7652 655500
7652 657000
7652 658500
7652 660000
7652 661500
7652 663000
7652 664500
7652 666000
7652 667500
7652 669000
7652 670500
7652 672000
7652 673500
7652 675000
7652 676500
7652 678000
7678 291000
7678 292500
7678 294000
7678 295500
7678 297000
7678 298500
7678 300000
7678 301500
7678 303000
7678 304500
7690 288000
7690 289500
7690 291000
7690 292500
7690 294000
7690 295500
7690 297000
7690 298500
7690 300000
7690 301500
7690 303000
7690 304500
7690 306000
7690 307500
7690 309000
7690 310500
7690 312000
7690 313500
7690 315000
7690 583500
7690 585000
7690 586500
7690 588000
7690 589500
7690 591000
7690 592500
7690 594000
7690 595500
7690 597000
7690 598500
7690 600000
7690 601500
7690 603000
7718 291000
7718 292500
7718 294000
7718 295500
7718 297000
7718 298500
7718 300000
7718 301500
7718 303000
7718 304500
7718 306000
7718 307500
7718 309000
7718 310500
7718 312000
7718 583500
7718 585000
7718 586500
7718 588000
7718 589500
7718 591000
7718 592500
7718 594000
7718 595500
7718 597000
7718 598500
7718 600000
7718 601500
7718 603000
7739 291000
7739 292500
7739 294000
7739 295500
7739 297000
7739 298500
7739 300000
7739 301500
7739 303000
7739 304500
7739 306000
7739 307500
7739 309000
7739 310500
7739 312000
7739 313500
7739 586500
7739 588000
7739 589500
7739 591000
7739 592500
7739 594000
7739 595500
7739 597000
7739 598500
7739 600000
7739 601500
7739 603000
7739 604500
7755 289500
7755 291000
7755 292500
7755 294000
7755 295500
7755 297000
7755 298500
7755 300000
7755 301500
7755 303000
7755 304500
7755 306000
7755 307500
7755 309000
7755 310500
7755 312000
7755 313500
7755 586500
7755 588000
7755 589500
7755 591000
7755 592500
7755 594000
7755 595500
7755 597000
7755 598500
7755 600000
7755 601500
7755 603000
7755 604500
7755 606000
7755 607500
7755 609000
7773 294000
7773 295500
7773 297000
7773 298500
7773 300000
7773 301500
7773 303000
7773 304500
7773 306000
7773 307500
7773 309000
7773 310500
7773 312000
7773 591000
7773 592500
7773 594000
7773 595500
7773 597000
7773 598500
7773 600000
7773 601500
7773 603000
7773 604500
7773 606000
7773 607500
7773 609000
7797 292500
7797 294000
7797 295500
7797 297000
7797 298500
7797 300000
7797 301500
7797 303000
7797 304500
7797 306000
7797 307500
7797 309000
7797 310500
7797 312000
7797 589500
7797 591000
7797 592500
7797 594000
7797 595500
7797 597000
7797 598500
7797 600000
7797 601500
7797 603000
7797 604500
7797 606000
7797 607500
7797 609000
7814 294000
7814 295500
7814 297000
7814 298500
7814 300000
7814 301500
7814 303000
7814 304500
7814 306000
7814 307500
7814 309000
7814 310500
7814 312000
7814 313500
7814 588000
7814 589500
7814 591000
7814 592500
7814 594000
7814 595500
7814 597000
7814 598500
7814 600000
7814 601500
7839 289500
7839 291000
7839 292500
7839 294000
7839 295500
7839 297000
7839 298500
7839 300000
7839 301500
7839 303000
7839 304500
7839 306000
7839 307500
7839 309000
7839 310500
7839 312000
7839 313500
7839 315000
7839 316500
7839 318000
7839 588000
7839 589500
7839 591000
7839 592500
7839 594000
7839 595500
7856 348000
7856 349500
7856 351000
7856 352500
7856 354000
7856 355500
7856 357000
7856 358500
7856 360000
7856 361500
7856 363000
7856 679500
7856 681000
7856 682500
7856 684000
7856 685500
7856 687000
7856 688500
7856 706500
7856 708000
7856 709500
7856 711000
7856 712500
7856 714000
7856 715500
7856 717000
7856 718500
7856 720000
7856 721500
7856 723000
7856 724500
7856 726000
7856 727500
7875 297000
7875 298500
7875 300000
7875 301500
7875 303000
7875 304500
7875 306000
7875 307500
7875 309000
7875 310500
7875 312000
7875 313500
7875 315000
7875 316500
7875 592500
7875 594000
7875 595500
7875 597000
7875 598500
7875 600000
7875 601500
7875 603000
7875 604500
7875 606000
7875 607500
7875 609000
7875 610500
7887 294000
7887 295500
7887 297000
7887 298500
7887 300000
7887 301500
7887 303000
7887 304500
7887 306000
7887 307500
7887 309000
7887 594000
7887 595500
7887 597000
7887 598500
7887 600000
7887 601500
7887 603000
7887 604500
7887 606000
7887 607500
7887 609000
7887 610500
7906 298500
7906 300000
7906 301500
7906 303000
7906 304500
7906 306000
7906 307500
7906 309000
7906 310500
7906 312000
7906 313500
7906 315000
7906 316500
7906 318000
7927 298500
7927 300000
7927 301500
7927 303000
7927 304500
7927 306000
7927 307500
7927 309000
7927 310500
7927 312000
7927 313500
7927 315000
7927 316500
7927 318000
7927 598500
7927 600000
7927 601500
7927 603000
7927 604500
7927 606000
7927 607500
7927 609000
7927 610500
7953 300000
7953 301500
7953 303000
7953 304500
7953 306000
7953 307500
7953 309000
7953 310500
7953 312000
7953 313500
7953 315000
7953 316500
7953 318000
7953 319500
7953 604500
7953 606000
7953 607500
7953 609000
7953 610500
7953 612000
7953 613500
7953 615000
7953 616500
7953 618000
7964 336000
7964 337500
7964 339000
7964 340500
7964 342000
7964 343500
7964 345000
7964 346500
7964 348000
7964 349500
7964 367500
7964 369000
7964 370500
7964 372000
7964 373500
7964 375000
7964 376500
7964 378000
7964 379500
7964 381000
7964 382500
7964 384000
7964 385500
7964 387000
7964 388500
7964 390000
7964 391500
7964 393000
7964 394500
7964 396000
7964 397500
7964 399000
7964 400500
7964 402000
7964 403500
7964 405000
7964 406500
7964 408000
7964 409500
7964 411000
7964 730500
7964 732000
7964 733500
7964 735000
7964 736500
7964 738000
7964 739500
7964 741000
7964 742500
7964 744000
7964 745500
7964 747000
7982 762000
7982 763500
7982 765000
7982 766500
7982 768000
7982 769500
7982 771000
7982 772500
8001 301500
8001 303000
8001 304500
8001 306000
8001 307500
8001 309000
8001 310500
8001 312000
8001 313500
8001 315000
8001 316500
8001 318000
8001 607500
8001 609000
8001 610500
8001 612000
8001 613500
8001 615000
8001 616500
8001 618000
8001 619500
8001 621000
8001 622500
8035 301500
8035 303000
8035 304500
8035 306000
8035 307500
8035 309000
8035 310500
8035 312000
8035 313500
8035 315000
8035 316500
8035 318000
8035 319500
8035 321000
8035 322500
8035 324000
8045 346500
8045 348000
8045 349500
8045 351000
8045 352500
8045 354000
8045 355500
8045 357000
8045 358500
8045 360000
8045 361500
8045 393000
8045 394500
8045 396000
8045 397500
8045 399000
8045 400500
8045 402000
8045 403500
8045 405000
8045 406500
8045 408000
8045 409500
8045 411000
8045 741000
8045 742500
8045 744000
8045 745500
8045 747000
8045 748500
8045 750000
8045 751500
8045 753000
8045 774000
8045 775500
8045 777000
8045 778500
8045 780000
8045 781500
8045 783000
8045 784500
8045 786000
8062 388500
8062 390000
8062 391500
8062 393000
8062 394500
8062 396000
8062 397500
8062 399000
8062 400500
8062 402000
8062 403500
8062 405000
8062 406500
8062 408000
8062 409500
8062 411000
8062 412500
8062 414000
8062 415500
8062 417000
8062 418500
8062 420000
8062 421500
8062 423000
8062 424500
8062 426000
8062 427500
8062 429000
8062 430500
8062 432000
8062 433500
8062 763500
8062 765000
8062 766500
8062 768000
8062 769500
8062 771000
8062 772500
8062 774000
8062 775500
8062 777000
8083 306000
8083 307500
8083 309000
8083 310500
8083 312000
8083 313500
8083 315000
8083 316500
8083 318000
8083 319500
8083 321000
8083 615000
8083 616500
8083 618000
8083 619500
8083 621000
8083 622500
8083 624000
8083 625500
8083 627000
8083 628500
8083 630000
8083 631500
8112 307500
8112 309000
8112 310500
8112 312000
8112 313500
8112 315000
8112 316500
8112 318000
8112 319500
8112 321000
8112 322500
8112 324000
8112 325500
8112 619500
8112 621000
8112 622500
8112 624000
8112 625500
8112 627000
8112 628500
8112 630000
8112 631500
8112 633000
8112 634500
8112 636000
8112 637500
8124 307500
8124 309000
8124 310500
8124 312000
8124 313500
8124 315000
8124 316500
8124 318000
8124 319500
8124 321000
8124 322500
8124 324000
8124 616500
8124 618000
8124 619500
8124 621000
8124 622500
8124 624000
8124 625500
8124 627000
8124 628500
8124 630000
8142 309000
8142 310500
8142 312000
8142 313500
8142 315000
8142 316500
8142 318000
8142 319500
8142 321000
8142 322500
8142 324000
8142 325500
8142 327000
8142 328500
8142 619500
8142 621000
8142 622500
8142 624000
8142 625500
8142 627000
8142 628500
8142 630000
8142 631500
8142 633000
8142 634500
8142 636000
8175 310500
8175 312000
8175 313500
8175 315000
8175 316500
8175 318000
8175 319500
8175 321000
8175 322500
8175 324000
8175 325500
8175 327000
8175 328500
8175 624000
8175 625500
8175 627000
8175 628500
8175 630000
8175 631500
8175 633000
8175 634500
8175 636000
8175 637500
8175 639000
8175 640500
8175 642000
8195 312000
8195 313500
8195 315000
8195 316500
8195 318000
8195 319500
8195 321000
8195 322500
8195 324000
8195 325500
8195 327000
8195 328500
8195 330000
8195 331500
8195 333000
8219 313500
8219 315000
8219 316500
8219 318000
8219 319500
8219 321000
8219 322500
8219 324000
8219 325500
8219 327000
8219 328500
8219 330000
8219 331500
8219 333000
8219 334500
8219 628500
8219 630000
8219 631500
8219 633000
8219 634500
8219 636000
8219 637500
8219 639000
8219 640500
8219 642000
8219 643500
8219 645000
8219 646500
8219 648000
8231 315000
8231 316500
8231 318000
8231 319500
8231 321000
8231 322500
8231 324000
8231 325500
8231 327000
8231 328500
8231 330000
8231 331500
8231 333000
8231 334500
8231 336000
8231 634500
8231 636000
8231 637500
8231 639000
8231 640500
8231 642000
8231 643500
8231 645000
8231 646500
8231 648000
8231 649500
8231 651000
8231 652500
8231 654000
8252 313500
8252 315000
8252 316500
8252 318000
8252 319500
8252 321000
8252 322500
8252 324000
8252 325500
8252 327000
8252 328500
8252 330000
8252 331500
8252 333000
8252 334500
8252 336000
8252 337500
8252 634500
8252 636000
8252 637500
8252 639000
8252 640500
8252 642000
8252 643500
8252 645000
8252 646500
8252 648000
8252 649500
8252 651000
8252 652500
8252 654000
8252 655500
8269 316500
8269 318000
8269 319500
8269 321000
8269 322500
8269 324000
8269 325500
8269 327000
8269 328500
8269 330000
8269 331500
8269 333000
8269 334500
8269 336000
8269 337500
8269 339000
8269 340500
8269 342000
8269 610500
8269 612000
8269 613500
8269 615000
8269 616500
8269 618000
8269 619500
8269 621000
8269 622500
8269 634500
8269 636000
8269 637500
8269 639000
8269 640500
8269 642000
8269 643500
8269 645000
8269 646500
8269 648000
8269 649500
8269 651000
8269 652500
8269 654000
8269 655500
8269 657000
8269 658500
8269 660000
8297 318000
8297 319500
8297 321000
8297 322500
8297 324000
8297 325500
8297 327000
8297 328500
8297 330000
8297 331500
8297 333000
8297 334500
8297 336000
8297 337500
8297 339000
8297 340500
8297 342000
8297 343500
8297 642000
8297 643500
8297 645000
8297 646500
8297 648000
8297 649500
8297 651000
8297 652500
8297 654000
8297 655500
8297 657000
8297 658500
8297 660000
8297 661500
8297 663000
8338 318000
8338 319500
8338 321000
8338 322500
8338 324000
8338 325500
8338 327000
8338 328500
8338 330000
8338 331500
8338 333000
8338 334500
8338 336000
8338 337500
8338 339000
8338 340500
8338 342000
8355 322500
8355 324000
8355 325500
8355 327000
8355 328500
8355 330000
8355 331500
8355 333000
8355 334500
8355 336000
8355 337500
8355 339000
8355 340500
8355 342000
8355 343500
8355 345000
8355 346500
8355 348000
8355 349500
8355 648000
8355 649500
8355 651000
8355 652500
8355 654000
8355 655500
8355 657000
8355 658500
8355 660000
8355 661500
8355 663000
8355 664500
8355 666000
8355 667500
8355 669000
8355 670500
8355 672000
8355 673500
8376 324000
8376 325500
8376 327000
8376 328500
8376 330000
8376 331500
8376 333000
8376 334500
8376 336000
8376 337500
8376 339000
8376 340500
8376 342000
8376 343500
8376 345000
8376 346500
8376 348000
8376 349500
8376 610500
8376 612000
8376 613500
8376 615000
8376 616500
8376 618000
8376 619500
8376 621000
8376 622500
8376 624000
8376 625500
8376 627000
8376 628500
8376 630000
8376 654000
8376 655500
8376 657000
8376 658500
8376 660000
8376 661500
8376 663000
8376 664500
8376 666000
8376 667500
8376 669000
8376 670500
8376 672000
8376 673500
8376 675000
8395 327000
8395 328500
8395 330000
8395 331500
8395 333000
8395 334500
8395 336000
8395 337500
8395 339000
8395 340500
8395 342000
8395 343500
8395 345000
8395 346500
8395 622500
8395 624000
8395 625500
8395 627000
8395 628500
8395 630000
8395 655500
8395 657000
8395 658500
8395 660000
8395 661500
8395 663000
8395 664500
8395 666000
8408 327000
8408 328500
8408 330000
8408 331500
8408 333000
8408 334500
8408 336000
8408 337500
8408 339000
8408 340500
8408 342000
8408 343500
8408 345000
8408 346500
8408 348000
8408 349500
8408 351000
8408 352500
8408 636000
8408 637500
8408 639000
8408 640500
8408 642000
8408 643500
8408 645000
8408 646500
8408 648000
8408 660000
8408 661500
8408 663000
8408 664500
8408 666000
8408 667500
8408 669000
8408 670500
8408 672000
8408 673500
8408 675000
8408 676500
8408 678000
8408 679500
8408 681000
8408 682500
8408 684000
8457 328500
8457 330000
8457 331500
8457 333000
8457 334500
8457 336000
8457 337500
8457 339000
8457 340500
8457 342000
8457 343500
8457 345000
8457 346500
8457 348000
8457 349500
8457 351000
8457 352500
8457 354000
8457 679500
8457 681000
8457 682500
8457 684000
8457 685500
8457 687000
8457 688500
8474 334500
8474 336000
8474 337500
8474 339000
8474 340500
8474 342000
8474 343500
8474 345000
8474 346500
8474 348000
8474 349500
8474 351000
8474 352500
8474 673500
8474 675000
8474 676500
8474 678000
8474 679500
8474 681000
8474 682500
8474 684000
8474 685500
8474 687000
8474 688500
8474 690000
8474 691500
8474 693000
8488 336000
8488 337500
8488 339000
8488 340500
8488 342000
8488 343500
8488 345000
8488 346500
8488 348000
8488 349500
8488 351000
8488 352500
8488 354000
8488 355500
8488 357000
8488 669000
8488 670500
8488 672000
8488 673500
8488 675000
8488 676500
8488 678000
8488 679500
8488 681000
8488 682500
8488 684000
8488 685500
8488 687000
8488 688500
8488 690000
8488 691500
8488 693000
8488 694500
8488 696000
8488 697500
8488 699000
8527 342000
8527 343500
8527 345000
8527 346500
8527 348000
8527 349500
8527 351000
8527 352500
8527 354000
8527 355500
8527 357000
8527 358500
8527 360000
8527 361500
8527 363000
8527 364500
8527 660000
8527 661500
8527 663000
8527 664500
8527 666000
8527 667500
8527 669000
8527 670500
8527 672000
8527 673500
8527 690000
8527 691500
8527 693000
8527 694500
8527 696000
8527 697500
8527 699000
8527 700500
8527 702000
8527 703500
8527 705000
8527 706500
8527 708000
8527 709500
8527 711000
8527 712500
8527 714000
8527 715500
8539 330000
8539 331500
8539 333000
8539 334500
8539 336000
8539 354000
8539 355500
8539 357000
8539 358500
8539 360000
8539 361500
8539 363000
8539 364500
8539 366000
8539 688500
8539 690000
8539 691500
8539 693000
8539 694500
8539 696000
8539 697500
8539 699000
8539 700500
8539 702000
8539 703500
8539 705000
8539 706500
8539 708000
8539 709500
8539 711000
8539 712500
8539 714000
8539 715500
8539 717000
8563 348000
8563 349500
8563 351000
8563 352500
8563 354000
8563 355500
8563 357000
8563 358500
8563 360000
8563 361500
8563 363000
8563 364500
8563 366000
8563 367500
8563 700500
8563 702000
8563 703500
8563 705000
8563 706500
8563 708000
8563 709500
8563 711000
8563 712500
8563 714000
8563 715500
8563 717000
8563 718500
8563 720000
8563 721500
8563 723000
8563 724500
8584 349500
8584 351000
8584 352500
8584 354000
8584 355500
8584 357000
8584 358500
8584 360000
8584 361500
8584 363000
8584 364500
8584 366000
8584 367500
8584 369000
8584 370500
8584 372000
8584 373500
8584 375000
8584 666000
8584 667500
8584 669000
8584 670500
8584 672000
8584 673500
8584 675000
8584 676500
8584 678000
8584 688500
8584 690000
8584 691500
8584 693000
8584 694500
8584 696000
8584 697500
8584 699000
8584 706500
8584 708000
8584 709500
8584 711000
8584 712500
8584 714000
8584 715500
8584 717000
8584 718500
8584 720000
8584 721500
8584 723000
8584 724500
8584 726000
8584 727500
8584 729000
8584 730500
8584 732000
8584 733500
8584 735000
8584 736500
8602 354000
8602 355500
8602 357000
8602 358500
8602 360000
8602 361500
8602 363000
8602 364500
8602 366000
8602 367500
8602 369000
8602 370500
8602 372000
8602 373500
8602 375000
8602 376500
8602 378000
8602 711000
8602 712500
8602 714000
8602 715500
8602 717000
8602 718500
8602 720000
8602 721500
8602 723000
8602 724500
8652 363000
8652 364500
8652 366000
8652 367500
8652 369000
8652 370500
8652 372000
8652 373500
8652 375000
8652 376500
8652 378000
8652 379500
8652 381000
8652 382500
8652 384000
8652 385500
8652 387000
8652 687000
8652 688500
8652 690000
8652 691500
8652 693000
8652 694500
8652 696000
8652 697500
8652 699000
8652 700500
8652 702000
8652 703500
8652 705000
8652 706500
8652 708000
8652 709500
8652 711000
8652 712500
8652 729000
8652 730500
8652 732000
8652 733500
8652 735000
8652 736500
8652 738000
8652 739500
8652 741000
8652 742500
8652 744000
8652 745500
8652 751500
8652 753000
8652 754500
8652 756000
8652 757500
8652 759000
8652 760500
8652 762000
8652 763500
8652 765000
8673 370500
8673 372000
8673 373500
8673 375000
8673 376500
8673 378000
8673 379500
8673 381000
8673 382500
8673 384000
8673 385500
8673 387000
8673 388500
8673 390000
8673 391500
8673 393000
8673 394500
8673 396000
8673 397500
8673 399000
8673 732000
8673 733500
8673 735000
8673 736500
8673 738000
8673 739500
8673 741000
8673 742500
8673 744000
8673 745500
8673 747000
8673 748500
8673 750000
8673 759000
8673 760500
8673 762000
8673 763500
8673 765000
8673 766500
8673 768000
8673 769500
8673 771000
8673 772500
8673 774000
8687 373500
8687 375000
8687 376500
8687 378000
8687 379500
8687 381000
8687 382500
8687 384000
8687 385500
8687 387000
8687 388500
8687 390000
8687 391500
8687 393000
8687 394500
8687 396000
8687 397500
8687 399000
8687 400500
8687 402000
8687 403500
8687 405000
8687 717000
8687 718500
8687 720000
8687 721500
8687 723000
8687 724500
8687 726000
8687 730500
8687 732000
8687 733500
8687 735000
8687 736500
8687 738000
8687 739500
8687 741000
8687 742500
8687 744000
8687 745500
8687 747000
8687 748500
8687 750000
8687 751500
8687 753000
8687 754500
8687 756000
8687 757500
8687 759000
8687 760500
8687 762000
8687 768000
8687 769500
8687 771000
8687 772500
8687 774000
8687 775500
8687 777000
8687 778500
8687 780000
8687 784500
8687 786000
8687 787500
8687 789000
8687 790500
8687 792000
8687 793500
8687 795000
8687 796500
8687 798000
8687 799500
8687 801000
8687 802500
8713 384000
8713 385500
8713 387000
8713 388500
8713 390000
8713 391500
8713 393000
8713 394500
8713 396000
8713 397500
8713 399000
8713 400500
8713 405000
8713 406500
8713 408000
8713 409500
8713 411000
8713 412500
8713 769500
8713 771000
8713 772500
8713 774000
8713 775500
8713 777000
8737 400500
8737 402000
8737 403500
8737 405000
8737 406500
8737 408000
8737 409500
8737 411000
8737 412500
8737 414000
8737 415500
8737 417000
8737 418500
8737 420000
8737 421500
8737 423000
8737 429000
8737 430500
8737 432000
8737 433500
8737 435000
8737 436500
8737 438000
8737 439500
8737 441000
8737 442500
8737 444000
8737 738000
8737 739500
8737 741000
8737 742500
8737 744000
8737 745500
8737 747000
8737 748500
8737 750000
8737 751500
8737 753000
8737 754500
8737 756000
8737 757500
8737 759000
8737 760500
8737 762000
8737 763500
8737 765000
8737 766500
8737 768000
8737 769500
8737 771000
8737 772500
8737 774000
8737 775500
8737 777000
8737 778500
8737 780000
8737 781500
8737 783000
8737 784500
8737 786000
8737 787500
8737 789000
8737 790500
8737 792000
8737 793500
8737 795000
8737 796500
8737 798000
8737 799500
8737 801000
8737 802500
8737 804000
8737 805500
8749 406500
8749 408000
8749 409500
8749 411000
8749 412500
8749 414000
8749 415500
8749 417000
8749 418500
8749 420000
8749 421500
8749 423000
8749 424500
8749 426000
8749 427500
8749 429000
8749 430500
8749 432000
8749 433500
8749 435000
8749 436500
8797 456000
8797 457500
8797 459000
8797 460500
8797 462000
8797 463500
8797 465000
8797 478500
8797 480000
8797 481500
8797 483000
8797 484500
8797 486000
8797 487500
8797 489000
8797 490500
8797 492000
8797 493500
8797 495000
8797 496500
8797 498000
8797 499500
8797 501000
8797 502500
8797 504000
8797 505500
8797 507000
8797 508500
8797 510000
8797 511500
8797 513000
8797 514500
8797 516000
8797 517500
8797 519000
8797 520500
8797 522000
8797 523500
8797 553500
8797 555000
8797 556500
8797 558000
8797 559500
8797 561000
8797 562500
8797 564000
8797 565500
8797 567000
8797 568500
8797 570000
8797 571500
8797 573000
8797 574500
8797 576000
8797 577500
8797 579000
8797 580500
8797 582000
8797 583500
8797 585000
8797 586500
8797 588000
8797 589500
8797 591000
8797 592500
8815 393000
8815 394500
8815 396000
8815 397500
8815 399000
8815 400500
8815 402000
8815 403500
8815 405000
8815 406500
8815 502500
8815 504000
8815 505500
8815 507000
8815 508500
8815 510000
8815 511500
8815 513000
8815 573000
8815 574500
8815 576000
8815 577500
8815 579000
8815 580500
8815 582000
8815 583500
8815 585000
8815 586500
8815 588000
8815 589500
8815 591000
8815 592500
8815 594000
8815 595500
8867 420000
8867 421500
8867 423000
8867 424500
8867 426000
8867 427500
8867 429000
8867 430500
8867 432000
8867 433500
8867 435000
8867 445500
8867 447000
8867 448500
8867 450000
8867 451500
8867 453000
8867 454500
8867 456000
8867 457500
8867 459000
8867 460500
8867 462000
8867 463500
8867 465000
8867 466500
8867 468000
8867 469500
8867 471000
8867 472500
8867 474000
8867 475500
8867 477000
8867 478500
8867 480000
8867 481500
8867 483000
8867 484500
8867 486000
8867 487500
8867 489000
8867 490500
8867 492000
8867 493500
8867 495000
8867 496500
8867 498000
8867 499500
8867 501000
9155 741000
9155 742500
9155 744000
9155 745500
9155 747000
9155 748500
9295 777000
9295 778500
9295 780000
9295 781500
9295 783000
9295 784500
9295 786000
9295 787500
9295 789000
9295 790500
9295 792000
9295 793500
9314 781500
9314 783000
9314 784500
9314 786000
9314 787500
9314 789000
9335 766500
9335 768000
9335 769500
9335 771000
9335 772500
9335 774000
9335 777000
9335 778500
9335 780000
9335 781500
9335 783000
9335 784500
9335 786000
9335 787500
9335 789000
9335 790500
9335 792000
9335 793500
9369 699000
9369 700500
9369 702000
9369 703500
9369 705000
9369 706500
9707 724500
9707 726000
9707 727500
9707 729000
9707 730500
9707 732000
9707 733500
9707 735000
9707 736500
9707 738000
9707 739500
9707 741000
9809 781500
9809 783000
9809 784500
9809 786000
9809 787500
9809 789000
9841 759000
9841 760500
9841 762000
9841 763500
9841 765000
9841 766500
9841 768000
10036 774000
10036 775500
10036 777000
10036 778500
10036 780000
10036 781500
10036 783000
10036 784500
10036 786000
10036 787500
10036 789000
10036 790500
10036 792000
10036 793500
10036 795000
10036 796500
10036 798000
10036 799500
10036 801000
10055 739500
10055 741000
10055 742500
10055 744000
10055 745500
10055 747000
10055 748500
10055 750000
10071 784500
10071 786000
10071 787500
10071 789000
10071 790500
10071 792000
10071 793500
10071 795000
10071 796500
10071 798000
10071 799500
10071 801000
10071 802500
10171 751500
10171 753000
10171 754500
10171 756000
10171 757500
10171 759000
10195 286500
10195 288000
10195 289500
10195 291000
10195 292500
10195 294000
10195 295500
10195 297000
10195 298500
10195 300000
10195 301500
10195 303000
10324 771000
10324 772500
10324 774000
10324 775500
10324 777000
10324 778500
10324 780000
10324 781500
10324 783000
10324 784500
10324 786000
10363 241500
10363 243000
10363 244500
10363 246000
10363 247500
10363 249000
10363 250500
10363 252000
10363 253500
10363 255000
10363 256500
10363 784500
10363 786000
10363 787500
10363 789000
10363 790500
10363 792000
10363 793500
10363 795000
10363 796500
10363 798000
10363 799500
10363 801000
10411 793500
10411 795000
10411 796500
10411 798000
10411 799500
10411 801000
10411 802500
10411 804000
10411 805500
10411 807000
10411 808500
10411 810000
10411 811500
10477 775500
10477 777000
10477 778500
10477 780000
10477 781500
10477 783000
10477 784500
10477 786000
10534 781500
10534 783000
10534 784500
10534 786000
10534 787500
10534 789000
10534 790500
10534 792000
10534 793500
10534 795000
10534 796500
10534 798000
10534 799500
10547 796500
10547 798000
10547 799500
10547 801000
10547 802500
10547 804000
10547 805500
10547 807000
10547 808500
10612 793500
10612 795000
10612 796500
10612 798000
10612 799500
10612 801000
10612 802500
10612 804000
10612 805500
10612 807000
10612 808500
11341 154500
11341 156000
11341 157500
11341 159000
11341 160500
11341 162000
11341 163500
11341 316500
11341 318000
11341 319500
11341 321000
11341 322500
11341 324000
11341 325500
11341 327000
11341 328500
11341 330000
11341 331500
11341 333000
11341 334500
11341 336000
11341 337500
11341 339000
11341 340500
11341 342000
11752 376500
11752 378000
11752 379500
11752 381000
11752 382500
11752 384000
11752 385500
11752 387000
11752 388500
11752 390000
11752 391500
11752 393000
11752 394500
11752 396000
11752 397500
11752 736500
11752 738000
11752 739500
11752 741000
11752 742500
11752 744000
11752 745500
11752 747000
11752 748500
11752 750000
11752 751500
11752 753000
11752 754500
11752 756000
11752 757500
11752 759000
11877 622500
11877 624000
11877 625500
11877 627000
11877 628500
11877 630000
11877 631500
11877 633000
11877 634500
11877 636000
11877 637500
11877 639000
11877 652500
11877 654000
11877 655500
11877 657000
11877 658500
11877 660000
11877 661500
