2602 127500 24
2602 129000 22
2602 130500 21
2602 132000 18
2602 133500 16
2602 135000 15
2602 136500 15
2602 138000 16
2602 139500 16
2602 141000 16
2602 142500 14
2602 144000 12
2992 124500 19
2992 126000 19
2992 127500 22
2992 129000 21
2992 130500 21
2992 132000 20
2992 133500 20
2992 135000 19
2992 136500 18
2992 138000 17
2992 139500 17
2992 141000 17
2992 142500 17
2992 144000 17
2992 145500 17
2992 147000 15
2992 148500 14
3442 127500 17
3442 129000 17
3442 130500 17
3442 132000 17
3442 133500 15
3442 135000 15
3555 129000 19
3555 130500 21
3555 132000 21
3555 133500 21
3555 135000 20
3555 136500 19
3555 138000 17
3555 139500 14
3567 126000 23
3567 127500 25
3567 129000 25
3567 130500 26
3567 132000 26
3567 133500 25
3567 135000 25
3567 136500 23
3567 138000 22
3567 139500 20
3567 141000 17
3567 142500 16
3567 144000 13
3596 127500 15
3596 129000 15
3596 130500 16
3596 132000 15
3596 133500 16
3596 135000 16
3596 136500 17
3596 138000 17
3596 139500 18
3596 141000 18
3596 142500 17
3596 144000 15
3596 216000 33
3596 217500 35
3596 219000 36
3596 220500 36
3596 222000 36
3596 223500 36
3596 225000 36
3596 226500 35
3596 228000 34
3596 229500 33
3596 231000 32
3596 232500 30
3596 234000 27
3596 235500 23
3596 237000 19
3596 240000 24
3596 241500 25
3596 243000 26
3596 244500 26
3596 246000 24
3596 247500 23
3596 249000 20
3596 250500 16
3596 424500 26
3596 426000 27
3596 427500 28
3596 429000 28
3596 430500 28
3596 432000 28
3596 433500 28
3596 435000 28
3596 436500 28
3596 438000 27
3596 439500 26
3596 441000 24
3596 442500 21
3596 444000 18
3596 445500 18
3596 448500 20
3596 450000 21
3596 451500 22
3596 453000 22
3596 454500 22
3596 456000 22
3596 457500 23
3596 459000 23
3596 460500 22
3596 462000 22
3596 463500 21
3596 465000 20
3596 466500 17
3596 468000 15
3596 474000 15
3596 475500 15
3596 477000 16
3596 478500 17
3596 480000 17
3596 481500 17
3596 483000 17
3596 484500 16
3596 486000 13
3611 127500 17
3611 129000 16
3611 130500 17
3611 132000 17
3611 133500 17
3611 135000 18
3611 136500 18
3611 138000 17
3611 139500 16
3625 138000 15
3625 139500 15
3625 141000 15
3625 142500 14
3625 144000 14
3625 145500 14
3675 129000 26
3675 130500 27
3675 132000 28
3675 133500 28
3675 135000 28
3675 136500 28
3675 138000 27
3675 139500 25
3675 141000 23
3675 142500 21
3675 144000 18
3736 132000 21
3736 133500 22
3736 135000 23
3736 136500 24
3736 138000 24
3736 139500 24
3736 141000 23
3736 142500 23
3736 144000 21
3736 145500 20
3736 147000 17
3736 148500 15
3747 135000 22
3747 136500 23
3747 138000 24
3747 139500 24
3747 141000 24
3747 142500 24
3747 144000 23
3747 145500 22
3747 147000 21
3747 148500 20
3747 150000 18
3747 151500 17
3787 138000 18
3787 139500 18
3787 141000 19
3787 142500 19
3787 144000 20
3787 145500 19
3787 147000 19
3787 148500 18
3787 150000 16
3787 151500 15
3787 153000 14
4096 240000 39
4096 241500 40
4096 243000 41
4096 244500 41
4096 246000 42
4096 247500 42
4096 249000 42
4096 250500 41
4096 252000 41
4096 253500 41
4096 255000 40
4096 256500 40
4096 258000 39
4096 259500 38
4096 261000 37
4096 262500 35
4096 264000 33
4096 265500 31
4096 267000 29
4096 268500 25
4096 270000 22
4096 271500 16
4096 484500 37
4096 486000 38
4096 487500 39
4096 489000 39
4096 490500 40
4096 492000 40
4096 493500 39
4096 495000 39
4096 496500 38
4096 498000 38
4096 499500 36
4096 501000 34
4096 502500 32
4096 504000 29
4096 505500 25
4096 507000 21
4096 508500 15
4096 730500 17
4096 732000 18
4096 733500 19
4096 735000 19
4096 736500 18
4096 738000 18
4096 739500 17
4096 741000 16
4096 742500 16
4096 744000 14
4096 745500 14
4096 747000 12
4310 229500 21
4310 231000 22
4310 232500 22
4310 234000 22
4310 235500 22
4329 228000 17
4329 229500 18
4329 231000 19
4329 232500 19
4329 234000 18
4329 235500 17
4358 255000 19
4358 256500 21
4358 258000 22
4358 259500 21
4358 261000 19
4358 262500 18
4358 264000 17
4358 265500 18
4358 267000 18
4358 487500 37
4358 489000 39
4358 490500 40
4358 492000 40
4358 493500 39
4358 495000 38
4358 496500 37
4358 498000 37
4358 499500 38
4358 501000 38
4358 502500 39
4358 504000 39
4358 505500 37
4358 507000 36
4358 508500 33
4358 510000 29
4358 511500 25
4358 513000 23
4358 514500 21
4358 516000 20
4369 234000 20
4369 235500 20
4369 237000 21
4369 238500 22
4369 240000 22
4369 241500 22
4369 243000 22
4369 244500 22
4369 246000 22
4369 247500 21
4369 249000 18
4369 250500 15
4379 259500 18
4379 261000 19
4379 262500 20
4379 264000 19
4379 265500 19
4379 267000 18
4379 489000 34
4379 490500 35
4379 492000 35
4379 493500 35
4379 495000 34
4379 496500 32
4379 498000 30
4379 499500 31
4379 501000 32
4379 502500 34
4379 504000 35
4379 505500 36
4379 507000 35
4379 508500 34
4379 510000 33
4379 511500 30
4379 513000 27
4379 514500 24
4379 516000 20
4412 240000 32
4412 241500 32
4412 243000 33
4412 244500 33
4412 246000 33
4412 247500 33
4412 249000 34
4412 250500 34
4412 252000 34
4412 253500 34
4412 255000 34
4412 256500 34
4412 258000 33
4412 259500 32
4412 261000 31
4412 262500 30
4412 264000 28
4412 265500 25
4412 267000 23
4412 268500 21
4412 270000 19
4412 495000 47
4412 496500 48
4412 498000 49
4412 499500 49
4412 501000 50
4412 502500 49
4412 504000 49
4412 505500 48
4412 507000 47
4412 508500 45
4412 510000 43
4412 511500 40
4412 513000 37
4412 514500 34
4412 516000 30
4412 517500 26
4412 519000 22
4412 520500 18
4412 738000 22
4412 739500 23
4412 741000 24
4412 742500 24
4412 744000 25
4412 745500 25
4412 747000 25
4412 748500 24
4412 750000 23
4412 751500 23
4412 753000 21
4412 754500 19
4412 756000 17
4454 237000 37
4454 238500 38
4454 240000 39
4454 241500 39
4454 243000 39
4454 244500 39
4454 246000 39
4454 247500 39
4454 249000 39
4454 250500 39
4454 252000 40
4454 253500 40
4454 255000 40
4454 256500 39
4454 258000 38
4454 259500 37
4454 261000 34
4454 262500 31
4454 264000 28
4454 265500 23
4454 267000 21
4454 268500 21
4454 270000 22
4454 271500 22
4454 273000 20
4454 274500 19
4454 276000 17
4454 277500 15
4454 493500 31
4454 495000 32
4454 496500 33
4454 498000 33
4454 499500 33
4454 501000 33
4454 502500 32
4454 504000 32
4454 505500 30
4454 507000 29
4454 508500 27
4454 510000 25
4454 511500 23
4454 513000 23
4454 514500 24
4454 516000 24
4454 517500 23
4454 519000 22
4454 520500 21
4454 522000 19
4454 523500 17
4454 525000 15
4454 745500 15
4454 747000 16
4454 748500 16
4454 750000 16
4454 751500 16
4454 753000 14
4537 232500 27
4537 234000 28
4537 235500 29
4537 237000 29
4537 238500 29
4552 234000 30
4552 235500 31
4552 237000 32
4552 238500 33
4552 240000 33
4552 241500 32
4552 243000 32
4552 244500 32
4571 235500 33
4571 237000 34
4571 238500 34
4571 240000 35
4571 241500 35
4571 243000 34
4571 244500 34
4571 246000 34
4571 247500 34
4571 249000 34
4571 250500 33
4571 252000 33
4571 253500 32
4571 255000 32
4571 256500 31
4571 258000 30
4571 259500 30
4571 261000 29
4571 262500 28
4571 264000 27
4571 265500 26
4571 267000 25
4571 268500 25
4571 270000 24
4571 271500 22
4571 273000 21
4571 274500 20
4571 276000 18
4602 234000 24
4602 235500 25
4602 237000 26
4602 238500 26
4602 240000 27
4602 241500 27
4602 243000 26
4602 244500 26
4602 246000 26
4602 247500 26
4602 249000 25
4602 250500 25
4602 252000 24
4651 247500 40
4651 249000 41
4651 250500 41
4651 252000 42
4651 253500 42
4651 255000 42
4651 256500 42
4651 258000 41
4651 259500 40
4651 261000 39
4651 262500 37
4651 264000 34
4651 265500 31
4651 267000 28
4651 268500 24
4651 270000 19
4651 271500 17
4651 273000 16
4651 498000 33
4651 499500 34
4651 501000 34
4651 502500 35
4651 504000 35
4651 505500 34
4651 507000 33
4651 508500 32
4651 510000 30
4651 511500 27
4651 513000 23
4651 514500 18
4651 516000 16
4651 517500 19
4651 519000 21
4651 520500 22
4651 522000 22
4651 523500 21
4651 525000 20
4651 526500 18
4651 528000 16
4651 735000 18
4651 736500 19
4651 738000 20
4651 739500 21
4651 741000 20
4651 742500 20
4651 744000 18
4651 745500 16
4651 747000 15
4713 249000 35
4713 250500 36
4713 252000 36
4713 253500 36
4713 255000 36
4713 256500 36
4713 258000 35
4713 259500 34
4713 261000 33
4713 262500 32
4713 264000 31
4713 265500 30
4713 267000 29
4713 268500 27
4713 270000 26
4713 271500 24
4713 273000 22
4713 274500 20
4713 276000 18
4713 277500 14
4713 279000 12
4754 250500 43
4754 252000 44
4754 253500 45
4754 255000 45
4754 256500 45
4754 258000 44
4754 259500 43
4754 261000 42
4754 262500 40
4754 264000 37
4754 265500 34
4754 267000 30
4754 268500 25
4754 270000 19
4754 271500 14
4754 493500 38
4754 495000 39
4754 496500 40
4754 498000 40
4754 499500 41
4754 501000 40
4754 502500 40
4754 504000 38
4754 505500 37
4754 507000 35
4754 508500 33
4754 510000 30
4754 511500 28
4754 513000 25
4754 514500 23
4754 516000 20
4754 517500 17
4754 519000 15
4754 739500 23
4754 741000 24
4754 742500 25
4754 744000 26
4754 745500 26
4754 747000 26
4754 748500 25
4754 750000 24
4754 751500 23
4754 753000 22
4754 754500 21
4754 756000 19
4754 757500 18
4754 759000 16
4754 760500 14
4790 250500 45
4790 252000 46
4790 253500 46
4790 255000 47
4790 256500 47
4790 258000 46
4790 259500 46
4790 261000 44
4790 262500 43
4790 264000 41
4790 265500 38
4790 267000 35
4790 268500 31
4790 270000 27
4790 271500 25
4790 273000 25
4790 274500 24
4790 276000 24
4790 277500 23
4790 279000 21
4790 280500 18
4790 483000 18
4790 484500 20
4790 486000 20
4790 487500 20
4790 489000 19
4790 498000 36
4790 499500 37
4790 501000 38
4790 502500 38
4790 504000 38
4790 505500 37
4790 507000 36
4790 508500 35
4790 510000 33
4790 511500 30
4790 513000 27
4790 514500 24
4790 516000 24
4790 517500 25
4790 519000 26
4790 520500 26
4790 522000 26
4790 523500 26
4790 525000 26
4790 526500 25
4790 528000 24
4790 529500 22
4790 531000 20
4790 532500 18
4790 742500 22
4790 744000 23
4790 745500 24
4790 747000 24
4790 748500 24
4790 750000 24
4790 751500 23
4790 753000 23
4790 754500 21
4790 756000 19
4790 757500 17
4935 246000 30
4935 247500 32
4935 249000 33
4935 250500 33
4935 252000 32
4935 253500 31
4935 255000 29
4935 256500 28
4935 258000 29
4935 259500 31
4935 261000 32
4935 262500 33
4935 264000 33
4935 265500 32
4935 267000 30
4935 268500 28
4935 270000 25
4935 271500 21
4935 273000 17
4935 274500 14
4959 528000 13
4959 529500 13
4959 531000 14
4959 532500 14
4959 534000 14
4959 535500 15
4959 537000 14
4959 538500 13
4959 540000 12
4959 541500 11
5065 253500 40
5065 255000 40
5065 256500 41
5065 258000 42
5065 259500 42
5065 261000 42
5065 262500 42
5065 264000 42
5065 265500 41
5065 267000 40
5065 268500 39
5065 270000 38
5065 271500 36
5065 273000 35
5065 274500 32
5065 276000 29
5065 277500 25
5065 279000 20
5065 280500 17
5065 526500 17
5065 528000 19
5065 529500 19
5065 531000 19
5065 532500 17
5065 534000 17
5065 535500 17
5065 537000 17
5065 538500 18
5065 540000 17
5107 258000 44
5107 259500 45
5107 261000 46
5107 262500 47
5107 264000 47
5107 265500 46
5107 267000 46
5107 268500 45
5107 270000 43
5139 253500 43
5139 255000 44
5139 256500 45
5139 258000 45
5139 259500 45
5139 261000 44
5139 262500 43
5139 264000 43
5139 265500 42
5139 267000 41
5139 268500 40
5139 270000 39
5139 271500 37
5139 273000 34
5139 274500 31
5139 276000 28
5139 277500 26
5176 253500 40
5176 255000 40
5176 256500 41
5176 258000 41
5176 259500 42
5176 261000 42
5176 262500 43
5176 264000 42
5176 265500 42
5176 267000 42
5176 268500 41
5176 270000 40
5176 271500 39
5176 273000 37
5176 274500 35
5176 276000 32
5176 277500 29
5176 279000 25
5176 280500 21
5176 282000 17
5255 127500 52
5255 129000 52
5255 130500 52
5255 132000 52
5255 133500 51
5255 135000 51
5255 136500 51
5255 138000 51
5255 139500 51
5255 141000 51
5255 142500 51
5255 144000 51
5277 256500 44
5277 258000 45
5277 259500 46
5277 261000 46
5277 262500 47
5277 264000 47
5277 265500 47
5277 267000 47
5277 268500 47
5277 270000 46
5277 271500 45
5277 273000 44
5277 274500 42
5277 276000 40
5318 253500 42
5318 255000 43
5318 256500 43
5318 258000 44
5318 259500 44
5318 261000 44
5318 262500 45
5318 264000 44
5318 265500 44
5318 267000 44
5318 268500 43
5318 270000 42
5318 271500 41
5318 273000 40
5318 274500 38
5318 276000 35
5318 277500 32
5318 279000 27
5335 255000 41
5335 256500 41
5335 258000 42
5335 259500 43
5335 261000 43
5335 262500 43
5335 264000 43
5335 265500 43
5335 267000 43
5335 268500 43
5335 270000 42
5335 271500 41
5335 273000 40
5335 274500 38
5335 276000 35
5335 277500 33
5335 279000 29
5335 280500 25
5335 282000 21
5372 262500 40
5372 264000 41
5372 265500 42
5372 267000 42
5372 268500 42
5372 270000 41
5372 271500 40
5372 273000 39
5372 274500 37
5372 276000 35
5372 277500 32
5372 279000 29
5372 280500 24
5372 282000 19
5382 255000 38
5382 256500 39
5382 258000 39
5382 259500 40
5382 261000 40
5382 262500 40
5382 264000 40
5382 265500 40
5382 267000 40
5382 268500 40
5382 270000 40
5382 271500 39
5382 273000 39
5382 274500 37
5382 276000 36
5382 277500 34
5382 279000 31
5382 280500 28
5382 282000 23
5382 283500 18
5511 534000 28
5511 535500 28
5511 537000 27
5511 538500 26
5511 540000 25
5511 541500 23
5511 543000 21
5511 544500 18
5511 546000 15
5542 535500 14
5542 537000 15
5542 538500 17
5542 540000 16
5542 541500 16
5542 543000 14
5542 544500 13
5573 528000 21
5573 529500 21
5573 531000 20
5573 532500 20
5573 534000 20
5573 535500 19
5573 537000 18
5573 538500 18
5573 540000 18
5573 541500 17
5573 543000 16
5573 544500 15
5644 507000 29
5644 508500 30
5644 510000 31
5644 511500 31
5644 513000 31
5644 514500 30
5644 516000 30
5644 517500 30
5644 519000 31
5644 520500 31
5644 522000 32
5644 523500 32
5644 525000 31
5644 526500 30
5644 528000 28
5644 529500 25
5644 531000 21
5644 532500 17
5644 537000 17
5644 538500 18
5644 540000 18
5644 541500 18
5644 543000 16
5644 544500 15
5673 525000 29
5673 526500 29
5673 528000 29
5673 529500 30
5673 531000 30
5673 532500 30
5673 534000 30
5673 535500 30
5673 537000 29
5673 538500 28
5673 540000 27
5673 541500 25
5673 543000 23
5673 544500 21
5673 546000 19
5673 547500 16
5795 255000 52
5795 256500 54
5795 258000 55
5795 259500 55
5795 261000 55
5795 262500 55
5795 264000 55
5795 265500 55
5795 267000 55
5795 268500 55
5795 270000 55
5795 271500 54
5795 273000 53
5795 274500 51
5795 276000 48
5795 277500 45
5795 279000 41
5795 280500 37
5795 282000 32
5795 283500 27
5795 285000 25
5795 286500 23
5795 288000 19
5795 511500 36
5795 513000 37
5795 514500 38
5795 516000 39
5795 517500 39
5795 519000 39
5795 520500 39
5795 522000 38
5795 523500 37
5795 525000 36
5795 526500 34
5795 528000 33
5795 529500 32
5795 531000 31
5795 532500 30
5795 534000 29
5795 535500 28
5795 537000 26
5795 538500 24
5795 540000 22
5795 541500 19
5795 762000 29
5795 763500 30
5795 765000 31
5795 766500 31
5795 768000 31
5795 769500 31
5795 771000 31
5795 772500 31
5795 774000 30
5795 775500 30
5795 777000 29
5795 778500 28
5795 780000 27
5795 781500 25
5795 783000 22
5805 759000 18
5805 760500 20
5805 762000 20
5805 763500 20
5805 765000 18
5805 766500 17
5805 768000 16
5805 769500 17
5805 771000 19
5805 772500 20
5805 774000 21
5805 775500 21
5805 777000 19
5805 778500 18
5805 780000 17
5805 781500 15
5915 259500 46
5915 261000 47
5915 262500 48
5915 264000 48
5915 265500 48
5915 267000 48
5915 268500 47
5915 270000 46
5915 271500 44
5915 273000 43
5915 274500 40
5915 276000 38
5915 277500 35
5915 279000 33
5915 280500 29
5915 282000 26
5915 283500 22
5915 285000 20
5915 520500 38
5915 522000 39
5915 523500 40
5915 525000 41
5915 526500 41
5915 528000 41
5915 529500 40
5915 531000 39
5915 532500 38
5915 534000 36
5915 535500 34
5915 537000 32
5915 538500 29
5915 540000 26
5915 541500 23
5915 543000 20
5915 766500 24
5915 768000 25
5915 769500 26
5915 771000 26
5915 772500 26
5915 774000 25
5915 775500 23
5915 777000 21
5935 261000 51
5935 262500 52
5935 264000 53
5935 265500 53
5935 267000 53
5935 268500 52
5935 270000 52
5935 271500 50
5935 273000 48
5935 274500 46
5935 276000 43
5935 277500 40
5935 279000 37
5935 280500 33
5935 282000 30
5935 283500 27
5935 285000 23
5935 286500 20
5935 522000 32
5935 523500 33
5935 525000 34
5935 526500 35
5935 528000 34
5935 529500 34
5935 531000 32
5935 532500 31
5935 534000 28
5935 535500 25
5935 537000 22
5935 538500 20
5935 540000 19
5935 541500 19
5935 543000 18
5935 778500 20
5935 780000 21
5935 781500 22
5935 783000 22
5935 784500 21
5935 786000 20
5935 787500 18
6014 796500 15
6014 798000 16
6014 799500 15
6014 801000 13
6014 802500 12
6014 804000 12
6256 535500 31
6256 537000 32
6256 538500 32
6256 540000 33
6256 541500 33
6256 543000 32
6256 544500 31
6256 546000 30
6256 547500 27
6256 549000 25
6256 550500 22
6256 552000 19
6314 265500 48
6314 267000 49
6314 268500 50
6314 270000 51
6314 271500 51
6314 273000 50
6314 274500 50
6314 276000 49
6314 277500 47
6314 279000 45
6314 280500 43
6314 282000 39
6314 283500 35
6314 285000 30
6314 286500 23
6314 288000 18
6314 532500 43
6314 534000 44
6314 535500 44
6314 537000 45
6314 538500 45
6314 540000 44
6314 541500 44
6314 543000 43
6314 544500 41
6314 546000 39
6314 547500 37
6314 549000 35
6314 550500 32
6314 552000 29
6314 553500 26
6314 555000 22
6314 556500 18
6314 558000 17
6314 559500 18
6314 561000 18
6314 562500 18
6314 564000 18
6314 565500 16
6314 567000 17
6314 568500 16
6314 570000 14
6314 793500 28
6314 795000 30
6314 796500 30
6314 798000 30
6314 799500 30
6314 801000 29
6314 802500 28
6314 804000 27
6314 805500 25
6314 807000 23
6314 808500 20
6314 810000 17
6368 265500 48
6368 267000 49
6368 268500 50
6368 270000 50
6368 271500 50
6368 273000 50
6368 274500 50
6368 276000 49
6368 277500 48
6368 279000 46
6368 280500 44
6368 282000 41
6368 283500 37
6368 285000 32
6368 286500 27
6368 288000 23
6368 289500 21
6368 291000 19
6368 292500 17
6368 294000 16
6368 535500 44
6368 537000 45
6368 538500 46
6368 540000 47
6368 541500 47
6368 543000 47
6368 544500 46
6368 546000 45
6368 547500 44
6368 549000 43
6368 550500 41
6368 552000 38
6368 553500 35
6368 555000 32
6368 556500 28
6368 558000 24
6368 559500 21
6368 561000 20
6368 562500 18
6368 564000 16
6368 793500 30
6368 795000 31
6368 796500 32
6368 798000 32
6368 799500 32
6368 801000 33
6368 802500 32
6368 804000 32
6368 805500 31
6368 807000 31
6368 808500 30
6368 810000 24
6368 811500 23
6384 268500 46
6384 270000 47
6384 271500 48
6384 273000 48
6384 274500 48
6384 276000 47
6384 277500 46
6384 279000 45
6384 280500 42
6384 282000 40
6384 283500 37
6384 285000 32
6384 286500 28
6384 288000 21
6384 289500 17
6384 291000 14
6384 292500 14
6384 537000 44
6384 538500 46
6384 540000 46
6384 541500 47
6384 543000 47
6384 544500 47
6384 546000 47
6384 547500 46
6384 549000 45
6384 550500 43
6384 552000 41
6384 553500 39
6384 555000 36
6384 556500 32
6384 558000 27
6384 559500 21
6384 561000 15
6404 270000 40
6404 271500 41
6404 273000 42
6404 274500 42
6404 276000 42
6404 277500 42
6404 279000 41
6404 280500 41
6404 282000 39
6404 283500 38
6404 285000 36
6404 286500 33
6404 288000 30
6422 268500 47
6422 270000 48
6422 271500 48
6422 273000 49
6422 274500 48
6422 276000 48
6422 277500 47
6422 279000 45
6422 280500 43
6422 282000 41
6422 283500 38
6422 285000 35
6422 286500 31
6422 288000 26
6422 289500 23
6422 291000 19
6422 292500 15
6476 805500 30
6476 807000 31
6476 808500 32
6476 810000 25
6476 811500 25
6496 267000 44
6496 268500 45
6496 270000 46
6496 271500 46
6496 273000 46
6496 274500 46
6496 276000 46
6496 277500 46
6496 279000 46
6496 280500 46
6496 282000 45
6496 283500 44
6496 285000 43
6496 286500 40
6496 288000 37
6496 289500 33
6496 291000 27
6496 292500 20
6496 294000 15
6496 537000 30
6496 538500 31
6496 540000 32
6496 541500 32
6496 543000 32
6496 544500 31
6496 546000 31
6496 547500 30
6496 549000 29
6496 550500 28
6496 552000 27
6496 553500 26
6496 555000 24
6496 556500 22
6496 558000 19
6496 559500 15
6496 802500 21
6496 804000 21
6496 805500 21
6496 807000 23
6496 808500 24
6496 810000 23
6496 811500 24
6668 537000 23
6668 538500 25
6668 540000 26
6668 541500 26
6668 543000 25
6668 544500 23
6703 273000 40
6703 274500 41
6703 276000 42
6703 277500 42
6703 279000 42
6703 280500 42
6703 282000 41
6703 283500 40
6703 285000 39
6703 286500 37
6703 288000 34
6703 289500 31
6703 291000 27
6703 292500 24
6703 294000 20
6703 295500 17
6703 297000 14
6703 298500 12
6703 534000 19
6703 535500 20
6703 537000 20
6703 538500 21
6703 540000 20
6767 277500 50
6767 279000 52
6767 280500 52
6767 282000 53
6767 283500 53
6767 285000 52
6767 286500 52
6767 288000 51
6767 289500 49
6767 291000 47
6767 292500 44
6767 294000 40
6767 295500 36
6767 297000 31
6767 556500 43
6767 558000 45
6767 559500 46
6767 561000 46
6767 562500 46
6767 564000 46
6767 565500 45
6767 567000 44
6767 568500 43
6767 570000 41
6767 571500 38
6767 573000 35
6767 574500 31
6767 576000 27
6809 546000 26
6809 547500 28
6809 549000 28
6809 550500 27
6809 552000 25
6809 561000 45
6809 562500 46
6809 564000 47
6809 565500 47
6809 567000 47
6809 568500 47
6809 570000 46
6809 571500 44
6809 573000 43
6809 574500 40
6809 576000 37
6809 577500 34
6809 579000 29
6809 580500 22
6856 270000 38
6856 271500 40
6856 273000 41
6856 274500 41
6856 276000 40
6856 277500 39
6856 279000 37
6856 280500 37
6856 282000 39
6856 283500 40
6856 285000 41
6856 286500 41
6856 288000 41
6856 289500 40
6856 291000 38
6856 292500 36
6856 294000 34
6856 295500 32
6856 297000 29
6856 298500 26
6856 300000 22
6856 301500 18
6856 535500 17
6856 537000 18
6856 538500 18
6856 540000 18
6856 541500 18
6856 543000 16
6856 544500 15
6874 547500 32
6874 549000 33
6874 550500 34
6874 552000 34
6874 553500 34
6874 555000 34
6874 556500 34
6874 558000 33
6886 546000 32
6886 547500 33
6886 549000 34
6886 550500 34
6886 552000 35
6886 553500 35
6886 555000 34
6886 556500 34
6886 558000 33
6886 559500 33
6886 561000 32
6886 562500 31
6886 564000 31
6972 274500 41
6972 276000 42
6972 277500 42
6972 279000 43
6972 280500 43
6972 282000 43
6972 283500 43
6972 285000 42
6972 286500 42
6972 288000 41
6972 289500 41
6972 291000 41
6972 292500 41
6972 294000 41
6972 295500 40
6972 297000 38
6972 298500 36
6972 300000 32
6972 301500 28
6972 303000 22
6972 304500 14
6972 549000 30
6972 550500 31
6972 552000 32
6972 553500 32
6972 555000 32
6972 556500 32
6998 285000 42
6998 286500 43
6998 288000 43
6998 289500 43
6998 291000 43
6998 292500 44
6998 294000 44
6998 295500 44
6998 297000 44
6998 298500 43
7015 546000 27
7015 547500 28
7015 549000 28
7015 550500 28
7015 552000 28
7015 553500 28
7015 555000 27
7015 556500 26
7015 558000 26
7033 277500 49
7033 279000 50
7033 280500 51
7033 282000 52
7033 283500 52
7033 285000 51
7033 286500 51
7033 288000 50
7033 289500 48
7033 291000 46
7033 292500 43
7033 294000 40
7033 295500 36
7033 297000 30
7033 298500 22
7033 552000 29
7033 553500 30
7033 555000 31
7033 556500 32
7033 558000 32
7033 559500 32
7033 561000 31
7033 562500 30
7033 564000 30
7054 277500 46
7054 279000 47
7054 280500 48
7054 282000 49
7054 283500 49
7054 285000 48
7054 286500 48
7054 288000 46
7054 289500 45
7054 291000 44
7054 292500 43
7054 294000 43
7054 295500 44
7054 297000 44
7054 298500 44
7054 300000 43
7054 301500 42
7054 303000 40
7054 304500 38
7054 306000 36
7074 553500 26
7074 555000 27
7074 556500 28
7074 558000 29
7074 559500 29
7074 561000 28
7074 562500 27
7074 564000 26
7074 565500 24
7074 567000 23
7109 579000 44
7109 580500 45
7109 582000 46
7109 583500 46
7109 585000 46
7109 586500 46
7109 588000 46
7109 589500 45
7109 591000 45
7109 592500 44
7109 594000 43
7109 595500 42
7109 597000 40
7109 598500 37
7109 600000 34
7109 601500 31
7109 603000 28
7136 289500 42
7136 291000 43
7136 292500 44
7136 294000 45
7136 295500 45
7136 297000 45
7136 298500 45
7136 300000 44
7136 301500 43
7136 303000 42
7136 304500 41
7136 306000 39
7136 307500 37
7136 309000 34
7136 310500 31
7136 312000 27
7136 580500 42
7136 582000 43
7136 583500 43
7136 585000 43
7136 586500 43
7136 588000 44
7136 589500 44
7136 591000 44
7136 592500 44
7136 594000 44
7136 595500 43
7136 597000 41
7136 598500 39
7136 600000 36
7136 601500 33
7136 603000 28
7155 274500 25
7155 276000 26
7155 277500 27
7155 279000 27
7155 280500 26
7155 282000 24
7155 283500 24
7179 286500 31
7179 288000 33
7179 289500 33
7179 291000 34
7179 292500 33
7179 294000 32
7179 295500 30
7179 297000 30
7179 301500 32
7179 303000 33
7179 304500 34
7179 306000 34
7179 307500 33
7179 309000 32
7179 310500 30
7179 312000 27
7179 313500 24
7179 315000 20
7179 573000 19
7179 574500 20
7179 576000 21
7179 577500 21
7179 579000 20
7179 585000 31
7179 586500 32
7179 588000 32
7179 589500 31
7179 591000 29
7179 592500 28
7179 594000 27
7179 595500 28
7179 597000 29
7179 598500 31
7179 600000 32
7179 601500 33
7179 603000 33
7179 604500 32
7179 606000 29
7179 607500 27
7179 609000 22
7194 277500 41
7194 279000 42
7194 280500 43
7194 282000 43
7194 283500 44
7194 285000 44
7194 286500 44
7194 288000 44
7194 289500 44
7194 291000 43
7194 292500 43
7194 294000 42
7194 295500 41
7194 297000 41
7194 561000 27
7194 562500 27
7194 564000 28
7194 565500 29
7194 567000 29
7194 568500 29
7194 570000 29
7194 571500 28
7194 573000 27
7194 574500 26
7194 576000 23
7194 577500 19
7194 579000 17
7214 288000 46
7214 289500 47
7214 291000 48
7214 292500 48
7214 294000 49
7214 295500 49
7214 297000 48
7214 298500 47
7214 300000 47
7214 301500 47
7214 303000 47
7214 304500 47
7214 306000 47
7214 307500 46
7214 309000 44
7214 310500 41
7214 312000 38
7214 313500 34
7214 315000 28
7214 316500 21
7214 318000 18
7214 319500 17
7214 321000 16
7214 586500 44
7214 588000 46
7214 589500 46
7214 591000 47
7214 592500 46
7214 594000 46
7214 595500 46
7214 597000 46
7214 598500 46
7214 600000 46
7214 601500 46
7214 603000 45
7214 604500 43
7214 606000 41
7214 607500 38
7214 609000 35
7214 610500 30
7214 612000 24
7214 613500 17
7214 615000 15
7214 616500 15
7237 558000 33
7237 559500 35
7237 561000 35
7237 562500 36
7237 564000 35
7237 565500 35
7237 567000 33
7237 568500 33
7237 570000 33
7237 571500 33
7237 573000 34
7237 574500 34
7237 576000 33
7237 577500 32
7237 579000 31
7237 580500 31
7256 274500 30
7256 276000 32
7256 277500 33
7256 279000 33
7256 280500 33
7256 282000 32
7256 283500 31
7256 558000 25
7256 559500 27
7256 561000 27
7256 562500 26
7256 564000 26
7256 565500 24
7256 567000 23
7256 568500 22
7256 570000 22
7256 571500 23
7256 573000 24
7256 574500 24
7256 576000 24
7256 577500 23
7256 579000 20
7256 580500 19
7270 297000 52
7270 298500 53
7270 300000 54
7270 301500 54
7270 303000 54
7270 304500 54
7270 306000 53
7270 307500 52
7270 309000 50
7270 310500 48
7270 312000 45
7270 313500 42
7270 315000 37
7270 316500 31
7270 597000 50
7270 598500 51
7270 600000 52
7270 601500 52
7270 603000 52
7270 604500 51
7270 606000 51
7270 607500 50
7270 609000 48
7270 610500 46
7270 612000 43
7270 613500 39
7270 615000 35
7270 616500 29
7286 279000 39
7286 280500 41
7286 282000 41
7286 283500 42
7286 285000 42
7286 286500 42
7286 288000 41
7286 289500 41
7286 559500 39
7286 561000 40
7286 562500 41
7286 564000 41
7286 565500 41
7286 567000 42
7286 568500 41
7286 570000 41
7286 571500 41
7286 573000 40
7286 574500 39
7286 576000 37
7286 577500 35
7286 579000 32
7286 580500 28
7286 582000 25
7305 276000 31
7305 277500 32
7305 279000 33
7305 280500 33
7305 282000 32
7305 283500 30
7305 285000 28
7305 286500 27
7305 562500 21
7305 564000 23
7305 565500 24
7305 567000 24
7305 568500 23
7305 570000 22
7305 571500 21
7305 573000 18
7305 574500 17
7333 282000 51
7333 283500 52
7333 285000 53
7333 286500 53
7333 288000 53
7333 289500 53
7333 291000 53
7333 292500 52
7333 294000 51
7333 295500 50
7333 297000 50
7333 568500 33
7333 570000 33
7333 571500 34
7333 573000 34
7333 574500 34
7333 576000 34
7333 577500 33
7333 579000 32
7333 580500 30
7333 582000 29
7333 583500 27
7333 585000 26
7343 562500 30
7343 564000 31
7343 565500 32
7343 567000 32
7343 568500 33
7343 570000 32
7343 571500 32
7343 573000 31
7343 574500 31
7343 576000 31
7343 577500 30
7343 579000 30
7343 580500 30
7343 582000 28
7343 583500 27
7343 585000 24
7343 586500 22
7343 588000 21
7343 589500 20
7369 283500 54
7369 285000 55
7369 286500 55
7369 288000 56
7369 289500 55
7369 291000 55
7369 292500 54
7369 294000 53
7369 295500 51
7369 297000 50
7369 298500 49
7369 555000 22
7369 556500 24
7369 558000 24
7369 559500 23
7369 561000 21
7369 570000 31
7369 571500 32
7369 573000 33
7369 574500 33
7369 576000 32
7369 577500 31
7369 579000 30
7369 580500 28
7369 582000 27
7369 583500 26
7369 585000 25
7389 283500 48
7389 285000 49
7389 286500 49
7389 288000 49
7389 289500 50
7389 291000 49
7389 292500 49
7389 294000 48
7389 295500 47
7389 297000 46
7389 298500 46
7389 565500 35
7389 567000 36
7389 568500 36
7389 570000 37
7389 571500 37
7389 573000 37
7389 574500 36
7389 576000 35
7389 577500 34
7389 579000 33
7389 580500 32
7389 582000 30
7389 583500 27
7389 585000 25
7389 586500 23
7408 283500 47
7408 285000 49
7408 286500 49
7408 288000 50
7408 289500 50
7408 291000 50
7408 292500 49
7408 294000 48
7408 295500 47
7408 297000 45
7408 298500 45
7408 568500 31
7408 570000 32
7408 571500 33
7408 573000 33
7408 574500 33
7408 576000 33
7408 577500 33
7408 579000 32
7408 580500 31
7408 582000 29
7408 583500 26
7408 585000 23
7436 283500 51
7436 285000 52
7436 286500 53
7436 288000 53
7436 289500 53
7436 291000 53
7436 292500 52
7436 294000 50
7436 295500 48
7436 297000 45
7436 298500 41
7436 570000 40
7436 571500 41
7436 573000 42
7436 574500 43
7436 576000 43
7436 577500 43
7436 579000 42
7436 580500 41
7436 582000 39
7436 583500 37
7436 585000 34
7436 586500 32
7436 588000 31
7451 283500 48
7451 285000 49
7451 286500 50
7451 288000 50
7451 289500 50
7451 291000 50
7451 292500 49
7451 294000 48
7451 295500 46
7451 297000 44
7451 298500 42
7451 573000 40
7451 574500 41
7451 576000 42
7451 577500 42
7451 579000 42
7451 580500 42
7451 582000 41
7451 583500 39
7451 585000 37
7451 586500 35
7451 588000 32
7451 589500 29
7451 591000 27
7466 285000 49
7466 286500 50
7466 288000 51
7466 289500 51
7466 291000 51
7466 292500 50
7466 294000 49
7466 295500 48
7466 297000 47
7466 298500 45
7466 300000 45
7466 571500 46
7466 573000 47
7466 574500 48
7466 576000 48
7466 577500 48
7466 579000 48
7466 580500 47
7466 582000 46
7466 583500 45
7466 585000 43
7466 586500 40
7466 588000 38
7466 589500 34
7466 591000 31
7466 592500 29
7466 594000 28
7466 595500 27
7466 597000 26
7466 598500 26
7466 600000 25
7466 601500 25
7483 286500 50
7483 288000 51
7483 289500 51
7483 291000 52
7483 292500 52
7483 294000 51
7483 295500 50
7483 297000 49
7483 298500 47
7483 300000 45
7483 301500 44
7483 576000 43
7483 577500 44
7483 579000 44
7483 580500 44
7483 582000 44
7483 583500 43
7483 585000 42
7483 586500 40
7483 588000 37
7483 589500 34
7483 591000 30
7483 592500 24
7483 594000 21
7516 312000 55
7516 313500 56
7516 315000 57
7516 316500 58
7516 318000 58
7516 319500 58
7516 321000 57
7516 322500 56
7516 324000 55
7516 325500 53
7516 327000 51
7516 328500 48
7516 330000 44
7516 331500 39
7516 333000 32
7516 334500 23
7516 616500 44
7516 618000 45
7516 619500 46
7516 621000 46
7516 622500 46
7516 624000 46
7516 625500 46
7516 627000 45
7516 628500 43
7516 630000 41
7516 631500 38
7516 633000 34
7516 634500 32
7516 639000 39
7516 640500 40
7516 642000 40
7516 643500 40
7516 645000 40
7516 646500 38
7516 648000 37
7516 649500 34
7516 651000 30
7516 652500 25
7535 312000 53
7535 313500 54
7535 315000 55
7535 316500 55
7535 318000 55
7535 319500 55
7535 321000 55
7535 322500 54
7535 324000 53
7535 325500 51
7535 327000 49
7535 328500 46
7535 330000 43
7535 331500 40
7535 333000 36
7535 334500 32
7535 336000 28
7535 337500 25
7535 339000 21
7535 624000 44
7535 625500 45
7535 627000 46
7535 628500 47
7535 630000 47
7535 631500 47
7535 633000 47
7535 634500 47
7535 636000 46
7535 637500 45
7535 639000 44
7535 640500 43
7535 642000 41
7535 643500 39
7535 645000 37
7535 646500 34
7535 648000 32
7535 649500 30
7535 651000 28
7535 652500 25
7535 654000 22
7559 310500 47
7559 312000 48
7559 313500 48
7559 315000 48
7559 316500 47
7559 318000 47
7559 319500 47
7559 321000 47
7559 322500 47
7559 324000 46
7559 325500 44
7559 631500 48
7559 633000 50
7559 634500 50
7559 636000 50
7559 637500 49
7559 639000 47
7559 640500 46
7559 642000 47
7559 643500 48
7559 645000 48
7559 646500 47
7559 648000 45
7586 316500 54
7586 318000 55
7586 319500 56
7586 321000 57
7586 322500 56
7586 324000 56
7586 325500 55
7586 327000 54
7586 328500 52
7586 330000 50
7586 331500 48
7586 333000 44
7586 334500 41
7586 336000 36
7586 337500 32
7586 339000 28
7586 604500 35
7586 606000 36
7586 607500 37
7586 609000 37
7586 610500 37
7586 612000 37
7586 613500 36
7586 615000 36
7586 639000 56
7586 640500 57
7586 642000 57
7586 643500 57
7586 645000 57
7586 646500 57
7586 648000 56
7586 649500 55
7586 651000 54
7586 652500 52
7586 654000 49
7586 655500 46
7586 657000 43
7586 658500 39
7586 660000 34
7586 661500 30
7618 291000 49
7618 292500 50
7618 294000 51
7618 295500 51
7618 297000 51
7618 298500 50
7618 300000 49
7618 301500 47
7618 303000 44
7618 304500 41
7618 306000 37
7618 579000 42
7618 580500 43
7618 582000 44
7618 583500 44
7618 585000 44
7618 586500 44
7618 588000 42
7618 589500 40
7618 591000 38
7618 592500 35
7630 289500 50
7630 291000 52
7630 292500 52
7630 294000 53
7630 295500 53
7630 297000 53
7630 298500 52
7630 300000 51
7630 301500 50
7630 303000 48
7652 322500 51
7652 324000 53
7652 325500 53
7652 327000 54
7652 328500 54
7652 330000 53
7652 331500 52
7652 333000 51
7652 334500 49
7652 336000 46
7652 337500 43
7652 339000 38
7652 340500 33
7652 342000 30
7652 343500 29
7652 345000 29
7652 346500 28
7652 613500 33
7652 615000 34
7652 616500 35
7652 618000 35
7652 619500 35
7652 621000 35
7652 622500 34
7652 624000 33
7652 636000 52
7652 637500 53
7652 639000 54
7652 640500 54
7652 642000 54
7652 643500 53
7652 645000 52
7652 646500 51
7652 648000 49
7652 649500 46
7652 651000 44
7652 654000 47
7652 655500 48
7652 657000 49
7652 658500 50
7652 660000 49
7652 661500 49
7652 663000 48
7652 664500 47
7652 666000 45
7652 667500 43
7652 669000 41
7652 670500 39
7652 672000 38
7652 673500 36
7652 675000 34
7652 676500 33
7652 678000 30
7678 291000 60
7678 292500 61
7678 294000 61
7678 295500 62
7678 297000 62
7678 298500 61
7678 300000 60
7678 301500 59
7678 303000 57
7678 304500 55
7690 288000 52
7690 289500 53
7690 291000 54
7690 292500 54
7690 294000 54
7690 295500 54
7690 297000 54
7690 298500 54
7690 300000 54
7690 301500 54
7690 303000 53
7690 304500 51
7690 306000 49
7690 307500 46
7690 309000 42
7690 310500 38
7690 312000 33
7690 313500 28
7690 315000 27
7690 583500 31
7690 585000 32
7690 586500 32
7690 588000 32
7690 589500 32
7690 591000 32
7690 592500 32
7690 594000 33
7690 595500 33
7690 597000 33
7690 598500 32
7690 600000 30
7690 601500 28
7690 603000 25
7718 291000 56
7718 292500 57
7718 294000 58
7718 295500 58
7718 297000 58
7718 298500 58
7718 300000 57
7718 301500 56
7718 303000 54
7718 304500 53
7718 306000 50
7718 307500 47
7718 309000 43
7718 310500 38
7718 312000 32
7718 583500 45
7718 585000 46
7718 586500 47
7718 588000 47
7718 589500 48
7718 591000 47
7718 592500 47
7718 594000 46
7718 595500 45
7718 597000 43
7718 598500 41
7718 600000 38
7718 601500 35
7718 603000 30
7739 291000 53
7739 292500 54
7739 294000 55
7739 295500 55
7739 297000 55
7739 298500 55
7739 300000 54
7739 301500 53
7739 303000 52
7739 304500 50
7739 306000 47
7739 307500 44
7739 309000 41
7739 310500 38
7739 312000 36
7739 313500 35
7739 586500 47
7739 588000 48
7739 589500 49
7739 591000 49
7739 592500 49
7739 594000 48
7739 595500 48
7739 597000 47
7739 598500 45
7739 600000 43
7739 601500 41
7739 603000 38
7739 604500 34
7755 289500 42
7755 291000 43
7755 292500 43
7755 294000 43
7755 295500 43
7755 297000 43
7755 298500 43
7755 300000 43
7755 301500 43
7755 303000 43
7755 304500 41
7755 306000 40
7755 307500 37
7755 309000 34
7755 310500 31
7755 312000 29
7755 313500 29
7755 586500 40
7755 588000 41
7755 589500 42
7755 591000 42
7755 592500 42
7755 594000 41
7755 595500 41
7755 597000 41
7755 598500 42
7755 600000 42
7755 601500 42
7755 603000 41
7755 604500 39
7755 606000 37
7755 607500 34
7755 609000 29
7773 294000 50
7773 295500 51
7773 297000 52
7773 298500 52
7773 300000 52
7773 301500 51
7773 303000 50
7773 304500 49
7773 306000 47
7773 307500 45
7773 309000 42
7773 310500 38
7773 312000 33
7773 591000 50
7773 592500 51
7773 594000 52
7773 595500 52
7773 597000 52
7773 598500 52
7773 600000 51
7773 601500 49
7773 603000 48
7773 604500 45
7773 606000 42
7773 607500 38
7773 609000 32
7797 292500 48
7797 294000 49
7797 295500 50
7797 297000 50
7797 298500 50
7797 300000 50
7797 301500 49
7797 303000 49
7797 304500 48
7797 306000 46
7797 307500 44
7797 309000 41
7797 310500 37
7797 312000 33
7797 589500 46
7797 591000 47
7797 592500 48
7797 594000 48
7797 595500 48
7797 597000 48
7797 598500 47
7797 600000 46
7797 601500 45
7797 603000 43
7797 604500 41
7797 606000 38
7797 607500 35
7797 609000 30
7814 294000 52
7814 295500 53
7814 297000 54
7814 298500 55
7814 300000 55
7814 301500 55
7814 303000 54
7814 304500 53
7814 306000 52
7814 307500 50
7814 309000 47
7814 310500 44
7814 312000 40
7814 313500 36
7814 588000 38
7814 589500 39
7814 591000 40
7814 592500 40
7814 594000 40
7814 595500 40
7814 597000 39
7814 598500 38
7814 600000 37
7814 601500 35
7839 289500 38
7839 291000 39
7839 292500 40
7839 294000 40
7839 295500 40
7839 297000 39
7839 298500 38
7839 300000 38
7839 301500 38
7839 303000 39
7839 304500 39
7839 306000 40
7839 307500 40
7839 309000 40
7839 310500 39
7839 312000 37
7839 313500 34
7839 315000 31
7839 316500 27
7839 318000 21
7839 588000 21
7839 589500 21
7839 591000 22
7839 592500 21
7839 594000 21
7839 595500 21
7856 348000 55
7856 349500 56
7856 351000 57
7856 352500 57
7856 354000 57
7856 355500 57
7856 357000 56
7856 358500 55
7856 360000 54
7856 361500 52
7856 363000 49
7856 679500 49
7856 681000 50
7856 682500 50
7856 684000 51
7856 685500 50
7856 687000 50
7856 688500 49
7856 706500 54
7856 708000 55
7856 709500 55
7856 711000 56
7856 712500 56
7856 714000 56
7856 715500 55
7856 717000 55
7856 718500 55
7856 720000 54
7856 721500 53
7856 723000 52
7856 724500 51
7856 726000 50
7856 727500 48
7875 297000 54
7875 298500 55
7875 300000 56
7875 301500 56
7875 303000 56
7875 304500 56
7875 306000 55
7875 307500 54
7875 309000 52
7875 310500 50
7875 312000 48
7875 313500 45
7875 315000 41
7875 316500 36
7875 592500 41
7875 594000 42
7875 595500 43
7875 597000 43
7875 598500 43
7875 600000 43
7875 601500 43
7875 603000 43
7875 604500 42
7875 606000 41
7875 607500 39
7875 609000 37
7875 610500 35
7887 294000 43
7887 295500 44
7887 297000 44
7887 298500 45
7887 300000 44
7887 301500 44
7887 303000 43
7887 304500 42
7887 306000 41
7887 307500 40
7887 309000 37
7887 594000 40
7887 595500 41
7887 597000 42
7887 598500 42
7887 600000 42
7887 601500 42
7887 603000 42
7887 604500 41
7887 606000 39
7887 607500 38
7887 609000 37
7887 610500 35
7906 298500 52
7906 300000 53
7906 301500 53
7906 303000 54
7906 304500 54
7906 306000 54
7906 307500 53
7906 309000 52
7906 310500 50
7906 312000 48
7906 313500 46
7906 315000 42
7906 316500 38
7906 318000 34
7927 298500 55
7927 300000 56
7927 301500 57
7927 303000 57
7927 304500 58
7927 306000 57
7927 307500 56
7927 309000 55
7927 310500 54
7927 312000 51
7927 313500 49
7927 315000 45
7927 316500 41
7927 318000 35
7927 598500 35
7927 600000 36
7927 601500 37
7927 603000 38
7927 604500 38
7927 606000 37
7927 607500 37
7927 609000 35
7927 610500 34
7953 300000 58
7953 301500 58
7953 303000 59
7953 304500 59
7953 306000 59
7953 307500 59
7953 309000 58
7953 310500 57
7953 312000 56
7953 313500 54
7953 315000 52
7953 316500 48
7953 318000 45
7953 319500 40
7953 604500 39
7953 606000 40
7953 607500 40
7953 609000 41
7953 610500 41
7953 612000 40
7953 613500 40
7953 615000 38
7953 616500 37
7953 618000 35
7964 336000 38
7964 337500 39
7964 339000 40
7964 340500 41
7964 342000 41
7964 343500 41
7964 345000 40
7964 346500 39
7964 348000 39
7964 349500 38
7964 367500 40
7964 369000 41
7964 370500 42
7964 372000 42
7964 373500 43
7964 375000 42
7964 376500 42
7964 378000 41
7964 379500 41
7964 381000 40
7964 382500 40
7964 384000 40
7964 385500 39
7964 387000 39
7964 388500 39
7964 390000 39
7964 391500 39
7964 393000 39
7964 394500 39
7964 396000 39
7964 397500 39
7964 399000 40
7964 400500 40
7964 402000 40
7964 403500 40
7964 405000 40
7964 406500 40
7964 408000 39
7964 409500 39
7964 411000 38
7964 730500 41
7964 732000 42
7964 733500 43
7964 735000 43
7964 736500 43
7964 738000 43
7964 739500 42
7964 741000 42
7964 742500 41
7964 744000 40
7964 745500 39
7964 747000 38
7982 762000 53
7982 763500 54
7982 765000 54
7982 766500 55
7982 768000 54
7982 769500 54
7982 771000 54
7982 772500 53
8001 301500 56
8001 303000 58
8001 304500 59
8001 306000 59
8001 307500 59
8001 309000 59
8001 310500 58
8001 312000 57
8001 313500 55
8001 315000 52
8001 316500 50
8001 318000 46
8001 607500 46
8001 609000 48
8001 610500 48
8001 612000 49
8001 613500 49
8001 615000 49
8001 616500 49
8001 618000 48
8001 619500 47
8001 621000 45
8001 622500 43
8035 301500 50
8035 303000 52
8035 304500 52
8035 306000 53
8035 307500 53
8035 309000 52
8035 310500 52
8035 312000 52
8035 313500 52
8035 315000 51
8035 316500 50
8035 318000 49
8035 319500 47
8035 321000 44
8035 322500 40
8035 324000 34
8045 346500 36
8045 348000 37
8045 349500 37
8045 351000 38
8045 352500 38
8045 354000 38
8045 355500 38
8045 357000 37
8045 358500 37
8045 360000 37
8045 361500 36
8045 393000 51
8045 394500 52
8045 396000 52
8045 397500 52
8045 399000 52
8045 400500 51
8045 402000 50
8045 403500 49
8045 405000 48
8045 406500 46
8045 408000 43
8045 409500 41
8045 411000 37
8045 741000 36
8045 742500 37
8045 744000 37
8045 745500 38
8045 747000 38
8045 748500 38
8045 750000 38
8045 751500 37
8045 753000 36
8045 774000 37
8045 775500 38
8045 777000 39
8045 778500 39
8045 780000 39
8045 781500 39
8045 783000 38
8045 784500 37
8045 786000 36
8062 388500 47
8062 390000 48
8062 391500 49
8062 393000 49
8062 394500 50
8062 396000 50
8062 397500 49
8062 399000 49
8062 400500 48
8062 402000 48
8062 403500 46
8062 405000 45
8062 406500 44
8062 408000 44
8062 409500 44
8062 411000 44
8062 412500 45
8062 414000 45
8062 415500 45
8062 417000 45
8062 418500 44
8062 420000 43
8062 421500 42
8062 423000 41
8062 424500 40
8062 426000 38
8062 427500 37
8062 429000 36
8062 430500 36
8062 432000 35
8062 433500 35
8062 763500 36
8062 765000 37
8062 766500 38
8062 768000 38
8062 769500 38
8062 771000 38
8062 772500 37
8062 774000 36
8062 775500 36
8062 777000 35
8083 306000 52
8083 307500 53
8083 309000 54
8083 310500 54
8083 312000 54
8083 313500 53
8083 315000 52
8083 316500 51
8083 318000 49
8083 319500 46
8083 321000 43
8083 615000 48
8083 616500 49
8083 618000 50
8083 619500 50
8083 621000 50
8083 622500 50
8083 624000 50
8083 625500 48
8083 627000 47
8083 628500 45
8083 630000 43
8083 631500 41
8112 307500 49
8112 309000 50
8112 310500 51
8112 312000 51
8112 313500 51
8112 315000 51
8112 316500 50
8112 318000 49
8112 319500 47
8112 321000 45
8112 322500 42
8112 324000 39
8112 325500 34
8112 619500 47
8112 621000 48
8112 622500 49
8112 624000 49
8112 625500 49
8112 627000 49
8112 628500 48
8112 630000 46
8112 631500 45
8112 633000 42
8112 634500 39
8112 636000 36
8112 637500 32
8124 307500 47
8124 309000 48
8124 310500 48
8124 312000 49
8124 313500 49
8124 315000 49
8124 316500 49
8124 318000 48
8124 319500 47
8124 321000 46
8124 322500 44
8124 324000 42
8124 616500 42
8124 618000 43
8124 619500 44
8124 621000 44
8124 622500 44
8124 624000 44
8124 625500 44
8124 627000 43
8124 628500 42
8124 630000 41
8142 309000 49
8142 310500 50
8142 312000 50
8142 313500 51
8142 315000 51
8142 316500 50
8142 318000 49
8142 319500 48
8142 321000 46
8142 322500 44
8142 324000 41
8142 325500 38
8142 327000 34
8142 328500 29
8142 619500 38
8142 621000 39
8142 622500 40
8142 624000 40
8142 625500 40
8142 627000 40
8142 628500 40
8142 630000 38
8142 631500 37
8142 633000 34
8142 634500 31
8142 636000 27
8175 310500 50
8175 312000 51
8175 313500 52
8175 315000 53
8175 316500 53
8175 318000 53
8175 319500 52
8175 321000 51
8175 322500 50
8175 324000 48
8175 325500 45
8175 327000 42
8175 328500 38
8175 624000 42
8175 625500 44
8175 627000 44
8175 628500 45
8175 630000 45
8175 631500 45
8175 633000 45
8175 634500 44
8175 636000 43
8175 637500 41
8175 639000 39
8175 640500 37
8175 642000 35
8195 312000 55
8195 313500 56
8195 315000 57
8195 316500 57
8195 318000 57
8195 319500 57
8195 321000 56
8195 322500 55
8195 324000 53
8195 325500 51
8195 327000 48
8195 328500 45
8195 330000 40
8195 331500 35
8195 333000 29
8219 313500 54
8219 315000 55
8219 316500 56
8219 318000 56
8219 319500 56
8219 321000 55
8219 322500 54
8219 324000 53
8219 325500 51
8219 327000 49
8219 328500 46
8219 330000 43
8219 331500 38
8219 333000 32
8219 334500 25
8219 628500 43
8219 630000 45
8219 631500 45
8219 633000 46
8219 634500 46
8219 636000 45
8219 637500 45
8219 639000 44
8219 640500 42
8219 642000 41
8219 643500 38
8219 645000 36
8219 646500 33
8219 648000 29
8231 315000 53
8231 316500 54
8231 318000 55
8231 319500 55
8231 321000 55
8231 322500 54
8231 324000 53
8231 325500 52
8231 327000 50
8231 328500 48
8231 330000 45
8231 331500 41
8231 333000 36
8231 334500 30
8231 336000 23
8231 634500 43
8231 636000 45
8231 637500 46
8231 639000 46
8231 640500 46
8231 642000 45
8231 643500 44
8231 645000 42
8231 646500 40
8231 648000 37
8231 649500 34
8231 651000 30
8231 652500 26
8231 654000 25
8252 313500 48
8252 315000 49
8252 316500 50
8252 318000 50
8252 319500 50
8252 321000 50
8252 322500 50
8252 324000 49
8252 325500 49
8252 327000 47
8252 328500 46
8252 330000 44
8252 331500 41
8252 333000 37
8252 334500 32
8252 336000 27
8252 337500 20
8252 634500 38
8252 636000 39
8252 637500 40
8252 639000 41
8252 640500 41
8252 642000 40
8252 643500 40
8252 645000 39
8252 646500 38
8252 648000 36
8252 649500 35
8252 651000 33
8252 652500 30
8252 654000 26
8252 655500 22
8269 316500 52
8269 318000 53
8269 319500 53
8269 321000 54
8269 322500 54
8269 324000 54
8269 325500 53
8269 327000 53
8269 328500 51
8269 330000 50
8269 331500 48
8269 333000 45
8269 334500 41
8269 336000 37
8269 337500 32
8269 339000 27
8269 340500 23
8269 342000 20
8269 610500 17
8269 612000 18
8269 613500 19
8269 615000 19
8269 616500 20
8269 618000 20
8269 619500 20
8269 621000 19
8269 622500 17
8269 634500 36
8269 636000 37
8269 637500 38
8269 639000 38
8269 640500 38
8269 642000 38
8269 643500 38
8269 645000 37
8269 646500 37
8269 648000 35
8269 649500 33
8269 651000 30
8269 652500 27
8269 654000 24
8269 655500 22
8269 657000 21
8269 658500 20
8269 660000 18
8297 318000 51
8297 319500 52
8297 321000 52
8297 322500 52
8297 324000 52
8297 325500 52
8297 327000 51
8297 328500 50
8297 330000 48
8297 331500 46
8297 333000 44
8297 334500 40
8297 336000 37
8297 337500 33
8297 339000 28
8297 340500 24
8297 342000 20
8297 343500 18
8297 642000 40
8297 643500 41
8297 645000 42
8297 646500 43
8297 648000 43
8297 649500 42
8297 651000 42
8297 652500 41
8297 654000 39
8297 655500 37
8297 657000 35
8297 658500 32
8297 660000 29
8297 661500 24
8297 663000 20
8338 318000 40
8338 319500 41
8338 321000 42
8338 322500 41
8338 324000 40
8338 325500 39
8338 327000 37
8338 328500 37
8338 330000 39
8338 331500 40
8338 333000 41
8338 334500 41
8338 336000 40
8338 337500 38
8338 339000 35
8338 340500 32
8338 342000 27
8355 322500 51
8355 324000 53
8355 325500 53
8355 327000 54
8355 328500 54
8355 330000 54
8355 331500 53
8355 333000 52
8355 334500 51
8355 336000 49
8355 337500 47
8355 339000 44
8355 340500 41
8355 342000 37
8355 343500 33
8355 345000 29
8355 346500 25
8355 348000 21
8355 349500 15
8355 648000 37
8355 649500 38
8355 651000 39
8355 652500 39
8355 654000 39
8355 655500 39
8355 657000 39
8355 658500 38
8355 660000 37
8355 661500 36
8355 663000 34
8355 664500 32
8355 666000 29
8355 667500 26
8355 669000 23
8355 670500 20
8355 672000 17
8355 673500 14
8376 324000 51
8376 325500 52
8376 327000 53
8376 328500 54
8376 330000 54
8376 331500 54
8376 333000 53
8376 334500 52
8376 336000 51
8376 337500 50
8376 339000 48
8376 340500 45
8376 342000 42
8376 343500 38
8376 345000 33
8376 346500 27
8376 348000 19
8376 349500 15
8376 610500 17
8376 612000 17
8376 613500 17
8376 615000 18
8376 616500 18
8376 618000 18
8376 619500 19
8376 621000 19
8376 622500 19
8376 624000 19
8376 625500 19
8376 627000 18
8376 628500 17
8376 630000 15
8376 654000 33
8376 655500 34
8376 657000 35
8376 658500 36
8376 660000 36
8376 661500 36
8376 663000 35
8376 664500 34
8376 666000 33
8376 667500 31
8376 669000 29
8376 670500 26
8376 672000 22
8376 673500 18
8376 675000 15
8395 327000 52
8395 328500 53
8395 330000 53
8395 331500 54
8395 333000 53
8395 334500 53
8395 336000 52
8395 337500 50
8395 339000 49
8395 340500 46
8395 342000 43
8395 343500 39
8395 345000 34
8395 346500 27
8395 622500 25
8395 624000 25
8395 625500 25
8395 627000 25
8395 628500 25
8395 630000 24
8395 655500 28
8395 657000 30
8395 658500 30
8395 660000 30
8395 661500 30
8395 663000 29
8395 664500 28
8395 666000 26
8408 327000 53
8408 328500 55
8408 330000 55
8408 331500 56
8408 333000 56
8408 334500 56
8408 336000 55
8408 337500 54
8408 339000 53
8408 340500 51
8408 342000 49
8408 343500 46
8408 345000 42
8408 346500 38
8408 348000 32
8408 349500 27
8408 351000 23
8408 352500 22
8408 636000 24
8408 637500 26
8408 639000 26
8408 640500 27
8408 642000 27
8408 643500 26
8408 645000 25
8408 646500 24
8408 648000 23
8408 660000 43
8408 661500 44
8408 663000 45
8408 664500 46
8408 666000 46
8408 667500 46
8408 669000 45
8408 670500 44
8408 672000 43
8408 673500 42
8408 675000 40
8408 676500 38
8408 678000 36
8408 679500 33
8408 681000 29
8408 682500 26
8408 684000 22
8457 328500 38
8457 330000 40
8457 331500 40
8457 333000 40
8457 334500 39
8457 336000 37
8457 337500 33
8457 339000 30
8457 340500 33
8457 342000 36
8457 343500 39
8457 345000 40
8457 346500 40
8457 348000 39
8457 349500 38
8457 351000 36
8457 352500 32
8457 354000 28
8457 679500 28
8457 681000 30
8457 682500 30
8457 684000 30
8457 685500 29
8457 687000 28
8457 688500 25
8474 334500 49
8474 336000 50
8474 337500 50
8474 339000 51
8474 340500 50
8474 342000 50
8474 343500 49
8474 345000 47
8474 346500 45
8474 348000 43
8474 349500 40
8474 351000 37
8474 352500 35
8474 673500 37
8474 675000 38
8474 676500 39
8474 678000 40
8474 679500 40
8474 681000 40
8474 682500 40
8474 684000 39
8474 685500 39
8474 687000 38
8474 688500 37
8474 690000 36
8474 691500 35
8474 693000 34
8488 336000 48
8488 337500 49
8488 339000 50
8488 340500 50
8488 342000 50
8488 343500 49
8488 345000 48
8488 346500 47
8488 348000 45
8488 349500 43
8488 351000 40
8488 352500 36
8488 354000 32
8488 355500 27
8488 357000 23
8488 669000 30
8488 670500 31
8488 672000 32
8488 673500 33
8488 675000 33
8488 676500 33
8488 678000 32
8488 679500 31
8488 681000 30
8488 682500 28
8488 684000 27
8488 685500 27
8488 687000 28
8488 688500 29
8488 690000 30
8488 691500 30
8488 693000 31
8488 694500 30
8488 696000 29
8488 697500 27
8488 699000 23
8527 342000 41
8527 343500 42
8527 345000 43
8527 346500 44
8527 348000 44
8527 349500 43
8527 351000 43
8527 352500 42
8527 354000 40
8527 355500 39
8527 357000 36
8527 358500 34
8527 360000 30
8527 361500 27
8527 363000 23
8527 364500 18
8527 660000 26
8527 661500 27
8527 663000 28
8527 664500 28
8527 666000 28
8527 667500 28
8527 669000 27
8527 670500 26
8527 672000 26
8527 673500 26
8527 690000 39
8527 691500 40
8527 693000 41
8527 694500 41
8527 696000 41
8527 697500 41
8527 699000 41
8527 700500 40
8527 702000 38
8527 703500 37
8527 705000 35
8527 706500 33
8527 708000 30
8527 709500 27
8527 711000 25
8527 712500 22
8527 714000 19
8527 715500 17
8539 330000 21
8539 331500 22
8539 333000 21
8539 334500 20
8539 336000 19
8539 354000 26
8539 355500 28
8539 357000 29
8539 358500 29
8539 360000 28
8539 361500 27
8539 363000 25
8539 364500 23
8539 366000 20
8539 688500 34
8539 690000 35
8539 691500 36
8539 693000 36
8539 694500 36
8539 696000 37
8539 697500 37
8539 699000 37
8539 700500 37
8539 702000 36
8539 703500 36
8539 705000 34
8539 706500 32
8539 708000 30
8539 709500 29
8539 711000 28
8539 712500 27
8539 714000 25
8539 715500 24
8539 717000 21
8563 348000 31
8563 349500 32
8563 351000 33
8563 352500 33
8563 354000 33
8563 355500 33
8563 357000 33
8563 358500 32
8563 360000 32
8563 361500 30
8563 363000 28
8563 364500 26
8563 366000 23
8563 367500 22
8563 700500 36
8563 702000 37
8563 703500 38
8563 705000 38
8563 706500 39
8563 708000 39
8563 709500 39
8563 711000 38
8563 712500 38
8563 714000 37
8563 715500 35
8563 717000 33
8563 718500 32
8563 720000 29
8563 721500 27
8563 723000 24
8563 724500 22
8584 349500 40
8584 351000 41
8584 352500 42
8584 354000 42
8584 355500 42
8584 357000 41
8584 358500 41
8584 360000 40
8584 361500 39
8584 363000 38
8584 364500 36
8584 366000 35
8584 367500 33
8584 369000 32
8584 370500 29
8584 372000 26
8584 373500 23
8584 375000 18
8584 666000 21
8584 667500 22
8584 669000 23
8584 670500 23
8584 672000 24
8584 673500 23
8584 675000 22
8584 676500 21
8584 678000 17
8584 688500 25
8584 690000 26
8584 691500 27
8584 693000 27
8584 694500 28
8584 696000 28
8584 697500 27
8584 699000 27
8584 706500 35
8584 708000 36
8584 709500 36
8584 711000 36
8584 712500 36
8584 714000 35
8584 715500 34
8584 717000 33
8584 718500 31
8584 720000 29
8584 721500 27
8584 723000 26
8584 724500 24
8584 726000 23
8584 727500 22
8584 729000 22
8584 730500 21
8584 732000 20
8584 733500 19
8584 735000 17
8584 736500 15
8602 354000 35
8602 355500 36
8602 357000 37
8602 358500 38
8602 360000 38
8602 361500 38
8602 363000 38
8602 364500 37
8602 366000 36
8602 367500 34
8602 369000 32
8602 370500 29
8602 372000 27
8602 373500 24
8602 375000 21
8602 376500 19
8602 378000 18
8602 711000 20
8602 712500 22
8602 714000 23
8602 715500 23
8602 717000 22
8602 718500 21
8602 720000 21
8602 721500 21
8602 723000 20
8602 724500 19
8652 363000 42
8652 364500 43
8652 366000 43
8652 367500 43
8652 369000 43
8652 370500 43
8652 372000 43
8652 373500 42
8652 375000 41
8652 376500 40
8652 378000 38
8652 379500 36
8652 381000 34
8652 382500 31
8652 384000 28
8652 385500 23
8652 387000 18
8652 687000 19
8652 688500 18
8652 690000 18
8652 691500 17
8652 693000 18
8652 694500 18
8652 696000 19
8652 697500 20
8652 699000 21
8652 700500 21
8652 702000 21
8652 703500 21
8652 705000 20
8652 706500 19
8652 708000 18
8652 709500 15
8652 711000 15
8652 712500 15
8652 729000 20
8652 730500 20
8652 732000 20
8652 733500 21
8652 735000 21
8652 736500 22
8652 738000 22
8652 739500 23
8652 741000 22
8652 742500 22
8652 744000 20
8652 745500 17
8652 751500 17
8652 753000 19
8652 754500 20
8652 756000 20
8652 757500 20
8652 759000 20
8652 760500 19
8652 762000 18
8652 763500 17
8652 765000 16
8673 370500 44
8673 372000 46
8673 373500 46
8673 375000 47
8673 376500 47
8673 378000 46
8673 379500 46
8673 381000 45
8673 382500 43
8673 384000 42
8673 385500 40
8673 387000 38
8673 388500 36
8673 390000 34
8673 391500 33
8673 393000 31
8673 394500 29
8673 396000 27
8673 397500 24
8673 399000 21
8673 732000 28
8673 733500 29
8673 735000 30
8673 736500 30
8673 738000 30
8673 739500 31
8673 741000 30
8673 742500 30
8673 744000 29
8673 745500 28
8673 747000 26
8673 748500 24
8673 750000 21
8673 759000 20
8673 760500 20
8673 762000 21
8673 763500 21
8673 765000 21
8673 766500 21
8673 768000 21
8673 769500 21
8673 771000 20
8673 772500 20
8673 774000 20
8687 373500 44
8687 375000 45
8687 376500 46
8687 378000 46
8687 379500 46
8687 381000 46
8687 382500 44
8687 384000 42
8687 385500 40
8687 387000 37
8687 388500 35
8687 390000 34
8687 391500 35
8687 393000 35
8687 394500 35
8687 396000 34
8687 397500 32
8687 399000 29
8687 400500 26
8687 402000 23
8687 403500 21
8687 405000 20
8687 717000 26
8687 718500 27
8687 720000 28
8687 721500 28
8687 723000 28
8687 724500 28
8687 726000 28
8687 730500 29
8687 732000 30
8687 733500 30
8687 735000 31
8687 736500 31
8687 738000 32
8687 739500 32
8687 741000 32
8687 742500 32
8687 744000 32
8687 745500 32
8687 747000 32
8687 748500 32
8687 750000 32
8687 751500 32
8687 753000 31
8687 754500 30
8687 756000 29
8687 757500 28
8687 759000 26
8687 760500 23
8687 762000 20
8687 768000 23
8687 769500 25
8687 771000 26
8687 772500 26
8687 774000 25
8687 775500 25
8687 777000 23
8687 778500 21
8687 780000 20
8687 784500 24
8687 786000 25
8687 787500 26
8687 789000 26
8687 790500 26
8687 792000 26
8687 793500 25
8687 795000 24
8687 796500 24
8687 798000 23
8687 799500 22
8687 801000 21
8687 802500 20
8713 384000 41
8713 385500 42
8713 387000 43
8713 388500 44
8713 390000 44
8713 391500 44
8713 393000 43
8713 394500 42
8713 396000 40
8713 397500 37
8713 399000 34
8713 400500 28
8713 405000 27
8713 406500 29
8713 408000 28
8713 409500 28
8713 411000 26
8713 412500 24
8713 769500 24
8713 771000 24
8713 772500 25
8713 774000 25
8713 775500 25
8713 777000 24
8737 400500 27
8737 402000 28
8737 403500 29
8737 405000 30
8737 406500 30
8737 408000 30
8737 409500 30
8737 411000 30
8737 412500 29
8737 414000 29
8737 415500 28
8737 417000 27
8737 418500 26
8737 420000 23
8737 421500 20
8737 423000 18
8737 429000 26
8737 430500 27
8737 432000 28
8737 433500 28
8737 435000 28
8737 436500 27
8737 438000 26
8737 439500 25
8737 441000 23
8737 442500 21
8737 444000 19
8737 738000 17
8737 739500 18
8737 741000 19
8737 742500 20
8737 744000 20
8737 745500 20
8737 747000 20
8737 748500 20
8737 750000 19
8737 751500 19
8737 753000 19
8737 754500 19
8737 756000 20
8737 757500 20
8737 759000 20
8737 760500 21
8737 762000 21
8737 763500 21
8737 765000 21
8737 766500 21
8737 768000 21
8737 769500 21
8737 771000 21
8737 772500 21
8737 774000 21
8737 775500 21
8737 777000 21
8737 778500 22
8737 780000 22
8737 781500 22
8737 783000 22
8737 784500 22
8737 786000 22
8737 787500 22
8737 789000 22
8737 790500 23
8737 792000 23
8737 793500 23
8737 795000 24
8737 796500 24
8737 798000 23
8737 799500 23
8737 801000 23
8737 802500 22
8737 804000 22
8737 805500 21
8749 406500 25
8749 408000 26
8749 409500 27
8749 411000 27
8749 412500 27
8749 414000 28
8749 415500 28
8749 417000 27
8749 418500 27
8749 420000 26
8749 421500 25
8749 423000 24
8749 424500 22
8749 426000 20
8749 427500 20
8749 429000 19
8749 430500 19
8749 432000 18
8749 433500 18
8749 435000 16
8749 436500 14
8797 456000 23
8797 457500 24
8797 459000 24
8797 460500 24
8797 462000 24
8797 463500 23
8797 465000 23
8797 478500 30
8797 480000 31
8797 481500 32
8797 483000 32
8797 484500 33
8797 486000 33
8797 487500 33
8797 489000 33
8797 490500 33
8797 492000 33
8797 493500 33
8797 495000 33
8797 496500 32
8797 498000 32
8797 499500 31
8797 501000 30
8797 502500 29
8797 504000 28
8797 505500 27
8797 507000 28
8797 508500 28
8797 510000 29
8797 511500 29
8797 513000 29
8797 514500 29
8797 516000 28
8797 517500 28
8797 519000 27
8797 520500 25
8797 522000 24
8797 523500 22
8797 553500 25
8797 555000 26
8797 556500 26
8797 558000 27
8797 559500 27
8797 561000 27
8797 562500 28
8797 564000 28
8797 565500 28
8797 567000 28
8797 568500 28
8797 570000 28
8797 571500 28
8797 573000 28
8797 574500 28
8797 576000 28
8797 577500 27
8797 579000 28
8797 580500 27
8797 582000 27
8797 583500 26
8797 585000 26
8797 586500 25
8797 588000 25
8797 589500 24
8797 591000 23
8797 592500 23
8815 393000 19
8815 394500 20
8815 396000 20
8815 397500 21
8815 399000 21
8815 400500 20
8815 402000 20
8815 403500 19
8815 405000 19
8815 406500 18
8815 502500 20
8815 504000 21
8815 505500 22
8815 507000 22
8815 508500 22
8815 510000 21
8815 511500 20
8815 513000 18
8815 573000 21
8815 574500 21
8815 576000 22
8815 577500 22
8815 579000 23
8815 580500 23
8815 582000 24
8815 583500 23
8815 585000 22
8815 586500 22
8815 588000 20
8815 589500 19
8815 591000 19
8815 592500 19
8815 594000 18
8815 595500 18
8867 420000 19
8867 421500 21
8867 423000 21
8867 424500 22
8867 426000 22
8867 427500 21
8867 429000 22
8867 430500 20
8867 432000 20
8867 433500 19
8867 435000 19
8867 445500 27
8867 447000 27
8867 448500 28
8867 450000 29
8867 451500 29
8867 453000 29
8867 454500 29
8867 456000 29
8867 457500 29
8867 459000 28
8867 460500 28
8867 462000 27
8867 463500 26
8867 465000 25
8867 466500 25
8867 468000 24
8867 469500 24
8867 471000 24
8867 472500 24
8867 474000 24
8867 475500 24
8867 477000 25
8867 478500 25
8867 480000 25
8867 481500 26
8867 483000 26
8867 484500 26
8867 486000 25
8867 487500 24
8867 489000 24
8867 490500 23
8867 492000 22
8867 493500 21
8867 495000 21
8867 496500 20
8867 498000 19
8867 499500 19
8867 501000 18
9155 741000 17
9155 742500 17
9155 744000 18
9155 745500 18
9155 747000 17
9155 748500 17
9295 777000 12
9295 778500 12
9295 780000 13
9295 781500 14
9295 783000 15
9295 784500 14
9295 786000 14
9295 787500 14
9295 789000 14
9295 790500 14
9295 792000 13
9295 793500 12
9314 781500 16
9314 783000 17
9314 784500 17
9314 786000 17
9314 787500 16
9314 789000 15
9335 766500 14
9335 768000 15
9335 769500 15
9335 771000 15
9335 772500 15
9335 774000 15
9335 777000 14
9335 778500 14
9335 780000 14
9335 781500 14
9335 783000 16
9335 784500 16
9335 786000 16
9335 787500 16
9335 789000 17
9335 790500 17
9335 792000 16
9335 793500 15
9369 699000 13
9369 700500 13
9369 702000 14
9369 703500 14
9369 705000 14
9369 706500 13
9707 724500 18
9707 726000 19
9707 727500 20
9707 729000 21
9707 730500 21
9707 732000 21
9707 733500 21
9707 735000 21
9707 736500 20
9707 738000 20
9707 739500 19
9707 741000 18
9809 781500 20
9809 783000 20
9809 784500 20
9809 786000 21
9809 787500 20
9809 789000 20
9841 759000 17
9841 760500 17
9841 762000 18
9841 763500 18
9841 765000 18
9841 766500 18
9841 768000 17
10036 774000 15
10036 775500 16
10036 777000 16
10036 778500 16
10036 780000 16
10036 781500 16
10036 783000 15
10036 784500 16
10036 786000 17
10036 787500 18
10036 789000 18
10036 790500 18
10036 792000 18
10036 793500 18
10036 795000 18
10036 796500 17
10036 798000 16
10036 799500 15
10036 801000 14
10055 739500 13
10055 741000 14
10055 742500 15
10055 744000 14
10055 745500 14
10055 747000 13
10055 748500 13
10055 750000 13
10071 784500 23
10071 786000 24
10071 787500 25
10071 789000 25
10071 790500 26
10071 792000 26
10071 793500 25
10071 795000 25
10071 796500 24
10071 798000 24
10071 799500 22
10071 801000 19
10071 802500 17
10171 751500 14
10171 753000 14
10171 754500 15
10171 756000 15
10171 757500 15
10171 759000 13
10195 286500 35
10195 288000 35
10195 289500 35
10195 291000 35
10195 292500 35
10195 294000 35
10195 295500 36
10195 297000 36
10195 298500 36
10195 300000 36
10195 301500 36
10195 303000 35
10324 771000 17
10324 772500 18
10324 774000 18
10324 775500 19
10324 777000 18
10324 778500 18
10324 780000 17
10324 781500 16
10324 783000 15
10324 784500 15
10324 786000 15
10363 241500 24
10363 243000 24
10363 244500 25
10363 246000 25
10363 247500 26
10363 249000 26
10363 250500 25
10363 252000 24
10363 253500 23
10363 255000 21
10363 256500 19
10363 784500 16
10363 786000 17
10363 787500 18
10363 789000 19
10363 790500 18
10363 792000 19
10363 793500 19
10363 795000 18
10363 796500 18
10363 798000 17
10363 799500 17
10363 801000 17
10411 793500 18
10411 795000 19
10411 796500 20
10411 798000 20
10411 799500 21
10411 801000 20
10411 802500 21
10411 804000 20
10411 805500 20
10411 807000 19
10411 808500 17
10411 810000 16
10411 811500 15
10477 775500 13
10477 777000 15
10477 778500 16
10477 780000 16
10477 781500 16
10477 783000 16
10477 784500 15
10477 786000 14
10534 781500 12
10534 783000 13
10534 784500 15
10534 786000 15
10534 787500 15
10534 789000 15
10534 790500 14
10534 792000 15
10534 793500 14
10534 795000 13
10534 796500 13
10534 798000 13
10534 799500 12
10547 796500 14
10547 798000 14
10547 799500 13
10547 801000 14
10547 802500 15
10547 804000 14
10547 805500 13
10547 807000 13
10547 808500 13
10612 793500 16
10612 795000 17
10612 796500 17
10612 798000 18
10612 799500 17
10612 801000 17
10612 802500 16
10612 804000 15
10612 805500 14
10612 807000 14
10612 808500 13
11341 154500 17
11341 156000 17
11341 157500 18
11341 159000 17
11341 160500 17
11341 162000 17
11341 163500 18
11341 316500 19
11341 318000 20
11341 319500 21
11341 321000 21
11341 322500 21
11341 324000 22
11341 325500 22
11341 327000 22
11341 328500 22
11341 330000 21
11341 331500 21
11341 333000 21
11341 334500 21
11341 336000 21
11341 337500 21
11341 339000 20
11341 340500 20
11341 342000 20
11752 376500 30
11752 378000 31
11752 379500 32
11752 381000 32
11752 382500 33
11752 384000 32
11752 385500 32
11752 387000 31
11752 388500 30
11752 390000 29
11752 391500 27
11752 393000 25
11752 394500 23
11752 396000 20
11752 397500 18
11752 736500 37
11752 738000 38
11752 739500 38
11752 741000 39
11752 742500 39
11752 744000 39
11752 745500 38
11752 747000 37
11752 748500 36
11752 750000 35
11752 751500 33
11752 753000 31
11752 754500 28
11752 756000 25
11752 757500 22
11752 759000 19
11877 622500 20
11877 624000 21
11877 625500 21
11877 627000 22
11877 628500 22
11877 630000 21
11877 631500 21
11877 633000 21
11877 634500 21
11877 636000 20
11877 637500 19
11877 639000 18
11877 652500 17
11877 654000 19
11877 655500 20
11877 657000 20
11877 658500 19
11877 660000 19
11877 661500 19
