2749 379500
2749 381000
2749 382500
2749 384000
2749 385500
2749 387000
2749 388500
2749 390000
3092 127500
3092 129000
3092 130500
3092 132000
3092 133500
3092 135000
3188 237000
3188 238500
3188 240000
3188 241500
3188 243000
3188 244500
3188 246000
3188 247500
3188 249000
3188 250500
3188 252000
3188 253500
3188 255000
3188 256500
3188 258000
3188 259500
3188 261000
3188 262500
3188 264000
3188 265500
3188 267000
3188 268500
3188 270000
3521 129000
3521 130500
3521 132000
3521 133500
3521 135000
3521 136500
3574 124500
3574 126000
3574 127500
3574 129000
3574 130500
3574 132000
3574 133500
3574 135000
3595 126000
3595 127500
3595 129000
3595 130500
3595 132000
3595 133500
3595 135000
3595 136500
3595 138000
3595 139500
3615 124500
3615 126000
3615 127500
3615 129000
3615 130500
3615 132000
3615 133500
3615 135000
3615 136500
3615 138000
3615 139500
3678 127500
3678 129000
3678 130500
3678 132000
3678 133500
3678 135000
3678 136500
3678 138000
3694 129000
3694 130500
3694 132000
3694 133500
3694 135000
3694 136500
3694 138000
3694 139500
3694 141000
3712 127500
3712 129000
3712 130500
3712 132000
3712 133500
3712 135000
3712 136500
3712 138000
3712 139500
3712 141000
3712 142500
3732 124500
3732 126000
3732 127500
3732 129000
3732 130500
3732 132000
3732 133500
3732 135000
3732 136500
3732 138000
3732 139500
3732 141000
3752 127500
3752 129000
3752 130500
3752 132000
3752 133500
3752 135000
3752 136500
3771 132000
3771 133500
3771 135000
3771 136500
3771 138000
3771 139500
3771 141000
3771 142500
3771 144000
3771 145500
3771 147000
3771 148500
3784 141000
3784 142500
3784 144000
3784 145500
3784 147000
3784 148500
3784 150000
3784 151500
3802 136500
3802 138000
3802 139500
3802 141000
3802 142500
3802 144000
3802 145500
3802 147000
3802 148500
3802 150000
3802 151500
3802 153000
3802 154500
3870 468000
3870 469500
3870 471000
3870 472500
3870 474000
3870 475500
3870 477000
3870 478500
3870 480000
3870 481500
3870 483000
3870 484500
3870 486000
3870 487500
3870 489000
3870 490500
3870 492000
3870 493500
3870 495000
3870 496500
3919 183000
3919 184500
3919 186000
3919 187500
3919 189000
3919 190500
3919 192000
3919 193500
3919 195000
3937 186000
3937 187500
3937 189000
3937 190500
3937 192000
3937 193500
3937 195000
3937 196500
3937 198000
3937 199500
3937 201000
3937 202500
4027 267000
4027 268500
4027 270000
4027 271500
4027 273000
4027 274500
4027 276000
4027 277500
4027 279000
4133 226500
4133 228000
4133 229500
4133 231000
4133 232500
4159 226500
4159 228000
4159 229500
4159 231000
4159 232500
4170 225000
4170 226500
4170 228000
4170 229500
4170 231000
4212 250500
4212 252000
4212 253500
4212 255000
4212 256500
4212 258000
4212 259500
4212 261000
4212 262500
4212 264000
4212 265500
4238 220500
4238 222000
4238 223500
4238 225000
4238 226500
4238 228000
4238 229500
4238 231000
4238 232500
4238 234000
4238 235500
4238 237000
4238 238500
4269 229500
4269 231000
4269 232500
4269 234000
4269 235500
4269 237000
4269 238500
4269 240000
4269 241500
4269 243000
4269 244500
4269 246000
4269 247500
4269 249000
4269 250500
4314 228000
4314 229500
4314 231000
4314 232500
4314 234000
4314 235500
4314 237000
4314 238500
4314 240000
4314 241500
4314 243000
4314 244500
4314 246000
4330 237000
4330 238500
4330 240000
4330 241500
4330 243000
4330 244500
4330 246000
4330 247500
4330 249000
4356 225000
4356 226500
4356 228000
4356 229500
4356 231000
4356 232500
4356 234000
4356 235500
4356 237000
4356 238500
4356 240000
4356 241500
4356 243000
4356 244500
4356 246000
4366 222000
4366 223500
4366 225000
4366 226500
4366 228000
4366 229500
4366 231000
4366 232500
4366 235500
4366 237000
4366 238500
4366 240000
4366 241500
4366 243000
4366 244500
4380 220500
4380 222000
4380 223500
4380 225000
4380 226500
4380 228000
4380 229500
4380 231000
4380 232500
4380 234000
4380 235500
4380 237000
4380 238500
4380 240000
4380 241500
4417 231000
4417 232500
4417 234000
4417 235500
4417 237000
4417 238500
4417 240000
4417 241500
4417 243000
4417 244500
4417 246000
4417 247500
4417 249000
4438 226500
4438 228000
4438 229500
4438 231000
4438 232500
4438 234000
4438 235500
4438 237000
4438 238500
4438 240000
4438 241500
4438 243000
4438 244500
4438 246000
4438 247500
4438 249000
4478 228000
4478 229500
4478 231000
4478 232500
4478 234000
4478 235500
4478 237000
4478 238500
4478 240000
4478 241500
4478 243000
4478 244500
4478 246000
4478 247500
4478 249000
4478 250500
4478 252000
4478 253500
4497 231000
4497 232500
4497 234000
4497 235500
4497 237000
4497 238500
4497 240000
4497 241500
4497 243000
4497 244500
4497 246000
4497 247500
4497 249000
4513 226500
4513 228000
4513 229500
4513 231000
4513 232500
4513 234000
4513 235500
4513 237000
4528 231000
4528 232500
4528 234000
4528 235500
4528 237000
4528 238500
4528 240000
4528 241500
4528 243000
4528 244500
4528 246000
4528 247500
4528 249000
4528 250500
4559 234000
4559 235500
4559 237000
4559 238500
4559 240000
4559 241500
4559 243000
4559 244500
4559 246000
4559 247500
4559 249000
4559 250500
4570 259500
4570 261000
4570 262500
4570 264000
4570 265500
4570 267000
4570 268500
4570 270000
4570 271500
4570 273000
4570 274500
4570 276000
4570 277500
4570 279000
4570 499500
4570 501000
4570 502500
4570 504000
4570 505500
4570 507000
4570 508500
4570 510000
4570 511500
4570 513000
4570 514500
4570 516000
4570 517500
4570 519000
4570 520500
4570 522000
4570 523500
4570 757500
4570 759000
4570 760500
4570 762000
4570 763500
4570 765000
4570 766500
4570 768000
4570 769500
4570 771000
4570 772500
4582 232500
4582 234000
4582 235500
4582 237000
4582 238500
4582 240000
4582 241500
4582 243000
4582 244500
4582 246000
4582 247500
4582 249000
4648 240000
4648 241500
4648 243000
4648 244500
4648 246000
4648 247500
4648 249000
4648 250500
4679 259500
4679 261000
4679 262500
4679 264000
4679 265500
4679 267000
4679 268500
4679 270000
4679 271500
4679 273000
4679 274500
4679 276000
4679 277500
4679 279000
4679 280500
4679 501000
4679 502500
4679 504000
4679 505500
4679 507000
4679 508500
4679 510000
4679 511500
4679 516000
4679 517500
4679 519000
4679 520500
4679 522000
4679 523500
4679 525000
4679 526500
4679 528000
4679 529500
4679 531000
4679 532500
4679 748500
4679 750000
4679 751500
4679 753000
4679 754500
4679 756000
4679 757500
4679 759000
4679 760500
4679 762000
4679 763500
4679 765000
4679 766500
4679 768000
4679 769500
4679 771000
4679 772500
4679 774000
4715 240000
4715 241500
4715 243000
4715 244500
4715 246000
5028 252000
5028 253500
5028 255000
5028 256500
5028 258000
5028 259500
5028 261000
5028 262500
5028 264000
5028 265500
5028 267000
5028 268500
5028 270000
5028 271500
5028 273000
5028 274500
5028 276000
5336 276000
5336 277500
5336 279000
5336 280500
5336 282000
5336 283500
5336 285000
5336 286500
5336 288000
5377 255000
5377 256500
5377 258000
5377 259500
5377 261000
5377 262500
5377 264000
5377 265500
5377 267000
5377 268500
5377 270000
5377 271500
5377 273000
5377 274500
5377 276000
5377 277500
5377 279000
5377 280500
5377 282000
5377 283500
5377 285000
5377 286500
5377 288000
5377 493500
5377 495000
5377 496500
5377 498000
5377 499500
5377 501000
5377 502500
5377 504000
5377 511500
5377 513000
5377 514500
5377 516000
5377 517500
5377 519000
5377 520500
5377 522000
5377 523500
5377 525000
5377 526500
5377 528000
5377 750000
5377 751500
5377 753000
5377 754500
5377 756000
5377 757500
5377 759000
5377 760500
5377 762000
5377 763500
5377 765000
5377 766500
5377 768000
5377 769500
5377 771000
5377 772500
5377 774000
5377 775500
5377 777000
5392 274500
5392 276000
5392 277500
5392 279000
5392 280500
5392 282000
5392 283500
5392 285000
5392 286500
5392 288000
5392 289500
5392 291000
5416 277500
5416 279000
5416 280500
5416 282000
5416 283500
5416 285000
5416 286500
5416 288000
5416 289500
5437 277500
5437 279000
5437 280500
5437 282000
5437 283500
5437 285000
5437 286500
5437 288000
5437 289500
5437 291000
5482 276000
5482 277500
5482 279000
5482 280500
5482 282000
5482 283500
5482 285000
5482 286500
5482 288000
5482 289500
5482 291000
5482 292500
5534 273000
5534 274500
5534 276000
5534 277500
5534 279000
5534 280500
5534 282000
5534 283500
5534 285000
5534 286500
5534 288000
5534 289500
5534 291000
5534 292500
5575 276000
5575 277500
5575 279000
5575 280500
5575 282000
5575 283500
5575 285000
5575 286500
5575 288000
5575 289500
5575 291000
5575 292500
5593 274500
5593 276000
5593 277500
5593 279000
5593 280500
5593 282000
5593 283500
5593 285000
5593 286500
5593 288000
5593 289500
5593 291000
5593 544500
5593 546000
5593 547500
5593 549000
5593 550500
5593 552000
5593 553500
5593 555000
5613 540000
5613 541500
5613 543000
5613 544500
5613 546000
5613 547500
5613 549000
5613 550500
5636 274500
5636 276000
5636 277500
5636 279000
5636 280500
5636 282000
5636 283500
5636 285000
5636 286500
5636 288000
5636 289500
5636 291000
5653 274500
5653 276000
5653 277500
5653 279000
5653 280500
5653 282000
5653 283500
5653 285000
5653 286500
5653 288000
5653 289500
5653 291000
5663 279000
5663 280500
5663 282000
5663 283500
5663 285000
5663 286500
5663 288000
5663 289500
5663 291000
5663 292500
5681 280500
5681 282000
5681 283500
5681 285000
5681 286500
5681 288000
5681 289500
5681 291000
5681 292500
5712 273000
5712 274500
5712 276000
5712 277500
5712 279000
5712 280500
5712 282000
5712 283500
5712 285000
5712 286500
5712 288000
5712 289500
5724 274500
5724 276000
5724 277500
5724 279000
5724 280500
5724 282000
5758 273000
5758 274500
5758 276000
5758 277500
5758 279000
5758 280500
5758 282000
5758 283500
5758 285000
5758 286500
5758 288000
5758 289500
5758 291000
5776 271500
5776 273000
5776 274500
5776 276000
5776 277500
5776 279000
5776 280500
5776 282000
5776 283500
5776 285000
5776 286500
5776 288000
5776 289500
5776 291000
5793 270000
5793 271500
5793 273000
5793 274500
5793 276000
5793 277500
5793 279000
5793 280500
5793 282000
5793 283500
5793 285000
5793 286500
5793 288000
5793 289500
5793 291000
5793 292500
5793 535500
5793 537000
5793 538500
5793 540000
5793 541500
5793 543000
5793 544500
5793 546000
5793 547500
5810 270000
5810 271500
5810 273000
5810 274500
5810 276000
5810 277500
5810 279000
5810 280500
5810 282000
5810 283500
5810 285000
5810 286500
5810 288000
5810 289500
5810 291000
5810 292500
5810 538500
5810 540000
5810 541500
5810 543000
5810 544500
5810 546000
5810 547500
5810 549000
5822 271500
5822 273000
5822 274500
5822 276000
5822 277500
5822 279000
5822 280500
5822 282000
5822 283500
5822 285000
5822 286500
5822 288000
5822 289500
5822 291000
5847 270000
5847 271500
5847 273000
5847 274500
5847 276000
5847 277500
5847 279000
5847 280500
5847 282000
5847 283500
5847 285000
5847 286500
5847 288000
5847 289500
5915 538500
5915 540000
5915 541500
5915 543000
5915 544500
5915 546000
5915 547500
5915 549000
5915 550500
5915 552000
5915 553500
5936 276000
5936 277500
5936 279000
5936 280500
5936 282000
5936 283500
5936 285000
5936 286500
5936 288000
5936 289500
5936 538500
5936 540000
5936 541500
5936 543000
5936 544500
5936 546000
5936 547500
5936 549000
5936 550500
5936 552000
5936 553500
5954 277500
5954 279000
5954 280500
5954 282000
5954 283500
5954 285000
5954 286500
5954 288000
5954 289500
5966 253500
5966 255000
5966 256500
5966 258000
5966 259500
5966 261000
5966 262500
5966 264000
5966 265500
5966 267000
5966 268500
5966 270000
5966 271500
5966 273000
5966 274500
5966 276000
5966 277500
5966 279000
5966 280500
5966 282000
5966 283500
5966 285000
5966 286500
5966 288000
5966 289500
5966 495000
5966 496500
5966 498000
5966 499500
5966 501000
5966 502500
5966 504000
5966 505500
5966 507000
5966 508500
5966 510000
5966 511500
5966 513000
5966 519000
5966 520500
5966 522000
5966 523500
5966 525000
5966 526500
5966 528000
5966 529500
5966 531000
5966 532500
5966 534000
5966 535500
5966 537000
5966 753000
5966 754500
5966 756000
5966 757500
5966 759000
5966 760500
5966 762000
5966 763500
5966 769500
5966 771000
5966 772500
5966 774000
5966 775500
5966 777000
5966 778500
5966 780000
5966 781500
5966 783000
5966 784500
5966 786000
6015 541500
6015 543000
6015 544500
6015 546000
6015 547500
6015 549000
6015 550500
6015 552000
6015 553500
6026 276000
6026 277500
6026 279000
6026 280500
6026 282000
6026 283500
6026 285000
6026 286500
6026 288000
6026 289500
6026 541500
6026 543000
6026 544500
6026 546000
6026 547500
6026 549000
6026 550500
6026 552000
6042 279000
6042 280500
6042 282000
6042 283500
6042 285000
6042 286500
6042 288000
6042 289500
6042 291000
6084 280500
6084 282000
6084 283500
6084 285000
6084 286500
6084 288000
6084 289500
6124 277500
6124 279000
6124 280500
6124 282000
6124 283500
6124 285000
6124 286500
6124 288000
6124 289500
6124 543000
6124 544500
6124 546000
6124 547500
6124 549000
6124 550500
6124 552000
6124 553500
6124 555000
6147 540000
6147 541500
6147 543000
6147 544500
6147 546000
6147 547500
6147 549000
6147 550500
6147 552000
6179 273000
6179 274500
6179 276000
6179 277500
6179 279000
6179 280500
6179 282000
6179 283500
6179 285000
6179 286500
6179 288000
6179 289500
6179 543000
6179 544500
6179 546000
6179 547500
6179 549000
6179 550500
6179 552000
6179 553500
6254 270000
6254 271500
6254 273000
6254 274500
6254 276000
6254 277500
6254 279000
6254 280500
6254 282000
6254 283500
6254 285000
6254 286500
6254 288000
6254 289500
6254 291000
6272 261000
6272 262500
6272 264000
6272 265500
6272 267000
6272 268500
6272 270000
6272 271500
6272 273000
6272 274500
6272 276000
6272 277500
6272 279000
6272 280500
6272 282000
6272 283500
6272 285000
6272 286500
6272 288000
6272 289500
6272 291000
6287 270000
6287 271500
6287 273000
6287 274500
6287 276000
6287 277500
6287 279000
6287 280500
6287 282000
6287 283500
6287 285000
6287 286500
6287 288000
6287 289500
6287 291000
6304 271500
6304 273000
6304 274500
6304 276000
6304 277500
6304 279000
6304 280500
6304 282000
6304 283500
6304 285000
6304 286500
6304 288000
6304 289500
6355 280500
6355 282000
6355 283500
6355 285000
6355 286500
6355 288000
6355 289500
6355 291000
6355 549000
6355 550500
6355 552000
6355 553500
6355 555000
6355 556500
6355 558000
6355 559500
6368 535500
6368 537000
6368 538500
6368 540000
6368 541500
6368 543000
6368 544500
6368 546000
6368 547500
6368 549000
6368 550500
6368 552000
6368 553500
6368 555000
6368 556500
6368 558000
6458 279000
6458 280500
6458 282000
6458 283500
6458 285000
6458 286500
6458 288000
6458 289500
6458 291000
6458 292500
6516 261000
6516 262500
6516 264000
6516 265500
6516 267000
6516 268500
6516 270000
6516 271500
6516 273000
6516 274500
6516 276000
6516 277500
6516 279000
6516 280500
6516 282000
6516 283500
6516 285000
6516 286500
6516 288000
6528 264000
6528 265500
6528 267000
6528 268500
6528 270000
6528 271500
6528 273000
6528 274500
6528 276000
6528 277500
6528 279000
6528 280500
6528 282000
6528 283500
6528 285000
6528 286500
6528 288000
6528 289500
6528 291000
6528 292500
6543 267000
6543 268500
6543 270000
6543 271500
6543 273000
6543 274500
6543 276000
6543 277500
6543 279000
6543 280500
6543 282000
6543 283500
6543 285000
6543 286500
6543 288000
6543 289500
6543 291000
6543 292500
6543 294000
6543 295500
6571 540000
6571 541500
6571 543000
6571 544500
6571 546000
6571 547500
6571 549000
6571 550500
6571 552000
6571 553500
6571 555000
6571 556500
6571 558000
6571 559500
6617 264000
6617 265500
6617 267000
6617 268500
6617 270000
6617 271500
6617 273000
6617 274500
6617 276000
6617 277500
6617 279000
6617 280500
6617 282000
6617 283500
6617 285000
6617 286500
6617 288000
6617 289500
6617 291000
6617 292500
6628 265500
6628 267000
6628 268500
6628 270000
6628 271500
6628 273000
6628 274500
6628 276000
6628 277500
6628 279000
6628 280500
6628 282000
6628 283500
6628 285000
6628 286500
6628 288000
6628 289500
6628 291000
6628 292500
6656 261000
6656 262500
6656 264000
6656 265500
6656 267000
6656 268500
6656 270000
6656 271500
6656 273000
6656 274500
6656 276000
6656 277500
6656 279000
6656 280500
6656 282000
6656 283500
6656 285000
6656 286500
6656 288000
6656 289500
6656 291000
6684 261000
6684 262500
6684 264000
6684 265500
6684 267000
6684 268500
6684 270000
6684 271500
6684 273000
6684 274500
6684 276000
6684 277500
6684 279000
6684 280500
6684 282000
6684 283500
6684 285000
6684 286500
6684 288000
6684 289500
6684 291000
6684 537000
6684 538500
6684 540000
6684 541500
6684 543000
6684 544500
6684 546000
6684 547500
6684 549000
6684 550500
6684 552000
6684 553500
6684 555000
6684 556500
6684 558000
6684 559500
6684 561000
6684 562500
6746 264000
6746 265500
6746 267000
6746 268500
6746 270000
6746 271500
6746 273000
6746 274500
6746 276000
6746 277500
6746 279000
6746 280500
6746 282000
6746 283500
6746 285000
6746 286500
6746 288000
6746 289500
6746 291000
6746 292500
6746 511500
6746 513000
6746 514500
6746 516000
6746 517500
6746 519000
6746 520500
6746 522000
6746 537000
6746 538500
6746 540000
6746 541500
6746 543000
6746 544500
6746 546000
6746 547500
6746 549000
6746 550500
6746 552000
6746 553500
6746 555000
6746 556500
6746 558000
6746 559500
6746 561000
6746 562500
6746 564000
6746 565500
6746 579000
6746 580500
6746 582000
6746 583500
6746 585000
6746 586500
6746 588000
6746 589500
6746 591000
6746 592500
6746 594000
6746 778500
6746 780000
6746 781500
6746 783000
6746 784500
6746 786000
6746 787500
6746 793500
6746 795000
6746 796500
6746 798000
6746 799500
6746 801000
6746 802500
6746 804000
6746 805500
6746 807000
6746 808500
6746 810000
6746 811500
6826 537000
6826 538500
6826 540000
6826 541500
6826 543000
6826 544500
6826 546000
6826 547500
6826 549000
6826 550500
6826 552000
6826 553500
6826 555000
6826 556500
6826 558000
6826 559500
6826 561000
6826 562500
6826 564000
6826 565500
6826 567000
6856 535500
6856 537000
6856 538500
6856 540000
6856 541500
6856 543000
6856 544500
6856 546000
6856 547500
6856 549000
6856 550500
6856 552000
6856 553500
6856 555000
6856 556500
6856 558000
6913 534000
6913 535500
6913 537000
6913 538500
6913 540000
6913 541500
6913 543000
6913 544500
6913 546000
6913 547500
6913 549000
6913 550500
6950 534000
6950 535500
6950 537000
6950 538500
6950 540000
6950 541500
6950 543000
6950 544500
6950 546000
6950 547500
6950 549000
6950 550500
6950 552000
6950 553500
6950 555000
6950 556500
6950 558000
6950 559500
6950 561000
6950 562500
6950 564000
6950 565500
6950 567000
6950 568500
6969 538500
6969 540000
6969 541500
6969 543000
6969 544500
6969 546000
6969 547500
6969 549000
6969 550500
6969 552000
6969 553500
6969 555000
6969 556500
6969 558000
6969 559500
6969 561000
6969 562500
6969 564000
6969 565500
6969 567000
6969 568500
6969 570000
6969 571500
6969 573000
6969 574500
7009 541500
7009 543000
7009 544500
7009 546000
7009 547500
7009 549000
7009 550500
7009 552000
7009 553500
7009 555000
7009 556500
7009 558000
7009 559500
7009 561000
7009 562500
7009 564000
7009 565500
7009 567000
7009 568500
7009 570000
7009 571500
7009 573000
7046 535500
7046 537000
7046 538500
7046 540000
7046 541500
7046 543000
7046 544500
7046 546000
7064 273000
7064 274500
7064 276000
7064 277500
7064 279000
7064 280500
7064 282000
7064 283500
7064 285000
7064 286500
7064 288000
7064 289500
7064 291000
7064 292500
7064 294000
7064 295500
7064 537000
7064 538500
7064 540000
7064 541500
7064 543000
7064 544500
7064 546000
7064 547500
7064 549000
7064 550500
7064 552000
7064 553500
7064 555000
7064 556500
7064 558000
7064 559500
7064 561000
7064 562500
7064 564000
7064 565500
7064 567000
7064 568500
7064 570000
7064 571500
7064 573000
7064 574500
7064 576000
7064 577500
7064 579000
7064 580500
7086 271500
7086 273000
7086 274500
7086 276000
7086 277500
7086 279000
7086 280500
7086 282000
7086 283500
7086 285000
7086 286500
7086 288000
7086 289500
7086 291000
7086 292500
7119 268500
7119 270000
7119 271500
7119 273000
7119 274500
7119 276000
7119 277500
7119 279000
7119 280500
7119 282000
7119 283500
7119 285000
7119 286500
7119 288000
7119 289500
7119 291000
7119 292500
7119 294000
7119 544500
7119 546000
7119 547500
7119 549000
7119 550500
7119 552000
7119 553500
7119 555000
7119 556500
7119 558000
7129 273000
7129 274500
7129 276000
7129 277500
7129 279000
7129 280500
7129 282000
7129 283500
7129 285000
7129 286500
7129 288000
7129 289500
7129 291000
7129 292500
7129 547500
7129 549000
7129 550500
7129 552000
7129 553500
7129 555000
7129 556500
7129 558000
7129 559500
7129 561000
7129 562500
7129 564000
7129 565500
7129 567000
7129 568500
7129 570000
7129 571500
7129 573000
7129 574500
7129 576000
7129 577500
7129 579000
7148 273000
7148 274500
7148 276000
7148 277500
7148 279000
7148 280500
7148 282000
7148 283500
7148 285000
7148 286500
7148 288000
7148 289500
7148 291000
7148 292500
7148 294000
7148 544500
7148 546000
7148 547500
7148 549000
7148 550500
7148 552000
7148 553500
7148 555000
7148 556500
7148 558000
7148 559500
7148 561000
7148 562500
7148 564000
7148 565500
7148 567000
7148 568500
7148 570000
7148 571500
7148 573000
7148 574500
7148 576000
7164 273000
7164 274500
7164 276000
7164 277500
7164 279000
7164 280500
7164 282000
7164 283500
7164 285000
7164 286500
7164 288000
7164 289500
7164 291000
7164 292500
7164 294000
7164 295500
7164 528000
7164 529500
7164 531000
7164 532500
7164 534000
7164 535500
7164 537000
7164 544500
7164 546000
7164 547500
7164 549000
7164 550500
7164 552000
7164 553500
7164 555000
7164 556500
7164 558000
7183 520500
7183 522000
7183 523500
7183 525000
7183 526500
7183 528000
7183 541500
7183 543000
7183 544500
7183 546000
7183 547500
7183 549000
7183 550500
7183 552000
7183 558000
7183 559500
7183 561000
7183 562500
7183 564000
7183 565500
7183 567000
7183 568500
7183 570000
7183 571500
7183 573000
7183 574500
7183 576000
7183 577500
7211 271500
7211 273000
7211 274500
7211 276000
7211 277500
7211 279000
7211 280500
7211 282000
7211 283500
7211 285000
7211 286500
7211 288000
7211 289500
7211 291000
7211 292500
7211 294000
7211 295500
7211 297000
7211 298500
7211 300000
7211 301500
7211 529500
7211 531000
7211 532500
7211 534000
7211 535500
7211 537000
7222 268500
7222 270000
7222 271500
7222 273000
7222 274500
7222 276000
7222 277500
7222 279000
7222 282000
7222 283500
7222 285000
7222 286500
7222 288000
7222 289500
7222 291000
7222 292500
7222 294000
7222 295500
7222 297000
7222 298500
7222 300000
7222 301500
7252 271500
7252 273000
7252 274500
7252 276000
7252 277500
7252 279000
7252 280500
7252 282000
7252 283500
7252 285000
7252 286500
7252 288000
7252 289500
7252 291000
7252 292500
7252 294000
7252 295500
7252 297000
7252 298500
7252 300000
7271 543000
7271 544500
7271 546000
7271 547500
7271 549000
7271 550500
7271 552000
7271 553500
7271 555000
7271 556500
7271 558000
7271 559500
7271 561000
7271 562500
7271 564000
7271 565500
7271 567000
7271 568500
7271 570000
7271 571500
7271 573000
7271 574500
7271 576000
7271 577500
7271 579000
7271 580500
7293 271500
7293 273000
7293 274500
7293 276000
7293 277500
7293 279000
7293 280500
7293 282000
7293 283500
7293 285000
7293 286500
7293 288000
7293 289500
7293 291000
7293 292500
7293 294000
7293 295500
7293 297000
7293 298500
7293 549000
7293 550500
7293 552000
7293 553500
7293 555000
7293 556500
7293 558000
7293 559500
7293 561000
7293 562500
7293 564000
7293 565500
7293 567000
7293 568500
7293 570000
7293 571500
7293 573000
7313 273000
7313 274500
7313 276000
7313 277500
7313 279000
7313 280500
7313 282000
7313 283500
7313 285000
7313 286500
7313 288000
7313 289500
7313 291000
7313 292500
7313 294000
7313 295500
7313 297000
7313 298500
7313 300000
7313 529500
7313 531000
7313 532500
7313 534000
7313 535500
7313 537000
7313 538500
7313 540000
7313 541500
7313 543000
7313 552000
7313 553500
7313 555000
7313 556500
7313 558000
7313 559500
7313 561000
7313 562500
7313 564000
7313 565500
7313 567000
7313 568500
7313 570000
7313 571500
7313 573000
7313 574500
7313 576000
7313 804000
7313 805500
7313 807000
7313 808500
7313 810000
7313 811500
7324 268500
7324 270000
7324 271500
7324 273000
7324 274500
7324 276000
7324 277500
7324 279000
7324 282000
7324 283500
7324 285000
7324 286500
7324 288000
7324 289500
7324 291000
7324 292500
7324 294000
7324 295500
7324 297000
7324 298500
7324 300000
7324 301500
7324 303000
7324 304500
7324 546000
7324 547500
7324 549000
7324 550500
7324 552000
7324 553500
7324 555000
7324 556500
7324 561000
7324 562500
7324 564000
7324 565500
7324 567000
7324 568500
7324 570000
7324 571500
7351 555000
7351 556500
7351 558000
7351 559500
7351 561000
7351 562500
7351 564000
7351 565500
7351 567000
7351 568500
7351 570000
7351 571500
7351 573000
7370 273000
7370 274500
7370 276000
7370 277500
7370 279000
7370 280500
7370 282000
7370 283500
7370 285000
7370 286500
7370 288000
7370 289500
7370 291000
7370 292500
7370 294000
7370 295500
7370 297000
7370 298500
7370 300000
7370 301500
7370 303000
7370 304500
7370 306000
7370 307500
7370 309000
7370 555000
7370 556500
7370 558000
7370 559500
7370 561000
7370 562500
7370 564000
7370 565500
7370 567000
7370 568500
7370 570000
7370 571500
7370 573000
7385 528000
7385 529500
7385 531000
7385 532500
7385 534000
7385 535500
7385 537000
7385 538500
7385 540000
7385 552000
7385 553500
7385 555000
7385 556500
7385 558000
7385 559500
7385 561000
7385 562500
7385 564000
7385 565500
7385 567000
7385 568500
7385 570000
7385 571500
7385 573000
7385 574500
7385 576000
7385 577500
7414 273000
7414 274500
7414 276000
7414 277500
7414 279000
7414 280500
7414 282000
7414 283500
7414 285000
7414 286500
7414 288000
7414 289500
7414 291000
7414 292500
7414 294000
7414 295500
7414 297000
7414 298500
7414 300000
7414 301500
7414 303000
7414 304500
7414 537000
7414 538500
7414 540000
7414 541500
7414 543000
7414 544500
7414 546000
7414 547500
7414 549000
7414 556500
7414 558000
7414 559500
7414 561000
7414 562500
7414 564000
7414 565500
7414 567000
7414 568500
7414 570000
7414 571500
7414 573000
7414 574500
7414 576000
7414 577500
7447 274500
7447 276000
7447 277500
7447 279000
7447 280500
7447 282000
7447 283500
7447 285000
7447 286500
7447 288000
7447 289500
7447 561000
7447 562500
7447 564000
7447 565500
7447 567000
7447 568500
7447 570000
7447 571500
7447 573000
7447 574500
7447 576000
7447 577500
7447 579000
7447 580500
7447 582000
7447 583500
7447 585000
7447 586500
7447 588000
7447 589500
7447 591000
7447 592500
7447 594000
7447 595500
7447 597000
7447 598500
7447 600000
7447 601500
7447 603000
7447 604500
7447 606000
7447 607500
7447 609000
7447 610500
7447 612000
7447 613500
7447 615000
7447 616500
7447 618000
7447 619500
7447 621000
7447 622500
7447 624000
7466 270000
7466 271500
7466 273000
7466 274500
7466 276000
7466 277500
7466 279000
7466 280500
7466 538500
7466 540000
7466 541500
7466 543000
7466 544500
7466 558000
7466 559500
7466 561000
7466 562500
7466 564000
7466 565500
7466 567000
7466 568500
7466 570000
7466 571500
7466 573000
7466 574500
7466 576000
7466 577500
7466 579000
7466 580500
7466 582000
7466 583500
7466 585000
7466 586500
7466 588000
7485 562500
7485 564000
7485 565500
7485 567000
7485 568500
7485 570000
7485 571500
7485 573000
7485 574500
7485 576000
7485 577500
7485 579000
7485 580500
7485 582000
7485 583500
7485 585000
7485 586500
7485 588000
7485 589500
7502 276000
7502 277500
7502 279000
7502 280500
7502 282000
7502 283500
7502 285000
7502 286500
7502 288000
7502 289500
7502 291000
7502 292500
7502 294000
7502 295500
7502 297000
7502 298500
7502 300000
7502 301500
7502 303000
7502 304500
7502 306000
7502 307500
7502 559500
7502 561000
7502 562500
7502 564000
7502 565500
7502 567000
7502 568500
7502 570000
7502 571500
7502 573000
7502 574500
7502 576000
7502 577500
7502 579000
7521 276000
7521 277500
7521 279000
7521 280500
7521 282000
7521 283500
7521 285000
7521 286500
7521 288000
7521 289500
7521 291000
7521 292500
7540 276000
7540 277500
7540 279000
7540 280500
7540 282000
7540 283500
7540 285000
7540 286500
7540 288000
7540 289500
7540 291000
7540 292500
7540 294000
7540 295500
7540 297000
7540 298500
7540 300000
7540 301500
7540 303000
7540 304500
7540 306000
7540 307500
7540 309000
7540 310500
7540 312000
7540 313500
7540 546000
7540 547500
7540 549000
7540 550500
7540 552000
7540 553500
7540 555000
7540 564000
7540 565500
7540 567000
7540 568500
7540 570000
7540 571500
7540 573000
7540 574500
7540 576000
7540 577500
7540 579000
7540 580500
7540 582000
7540 583500
7540 585000
7540 586500
7540 588000
7540 589500
7540 591000
7540 592500
7540 594000
7540 595500
7540 597000
7540 598500
7540 600000
7540 601500
7540 603000
7596 271500
7596 273000
7596 274500
7596 276000
7596 277500
7596 279000
7596 280500
7596 282000
7596 283500
7596 285000
7596 286500
7596 288000
7596 289500
7596 291000
7596 292500
7596 294000
7596 295500
7596 561000
7596 562500
7596 564000
7596 565500
7596 567000
7596 568500
7596 570000
7596 571500
7596 573000
7618 276000
7618 277500
7618 279000
7618 280500
7618 282000
7618 283500
7618 285000
7618 286500
7618 288000
7618 289500
7618 291000
7618 292500
7618 294000
7618 565500
7618 567000
7618 568500
7618 570000
7618 571500
7618 573000
7618 574500
7618 576000
7618 577500
7618 579000
7618 580500
7618 582000
7618 583500
7618 585000
7618 586500
7618 588000
7628 274500
7628 276000
7628 277500
7628 279000
7628 280500
7628 282000
7628 283500
7628 285000
7628 286500
7628 288000
7628 289500
7659 277500
7659 279000
7659 280500
7659 282000
7659 283500
7659 285000
7659 286500
7659 288000
7659 289500
7659 291000
7659 292500
7659 294000
7678 277500
7678 279000
7678 280500
7678 282000
7678 283500
7678 285000
7678 286500
7678 288000
7678 289500
7678 291000
7678 292500
7678 294000
7698 277500
7698 279000
7698 280500
7698 282000
7698 283500
7698 285000
7698 286500
7698 288000
7698 289500
7698 291000
7698 292500
7698 294000
7698 295500
7698 297000
7698 298500
7698 300000
7698 555000
7698 556500
7698 558000
7698 559500
7698 561000
7698 562500
7698 564000
7698 565500
7698 567000
7698 568500
7698 570000
7698 571500
7698 573000
7698 574500
7698 576000
7698 577500
7698 579000
7698 580500
7698 582000
7698 583500
7698 585000
7698 586500
7716 277500
7716 279000
7716 280500
7716 282000
7716 283500
7716 285000
7716 286500
7716 288000
7716 289500
7716 291000
7716 292500
7716 294000
7716 295500
7716 297000
7716 298500
7716 556500
7716 558000
7716 559500
7716 561000
7716 562500
7716 564000
7716 565500
7716 567000
7716 568500
7716 570000
7716 571500
7716 573000
7716 574500
7716 576000
7716 577500
7716 579000
7716 580500
7716 582000
7716 583500
7716 585000
7716 586500
7716 588000
7716 589500
7716 591000
7716 592500
7716 594000
7716 595500
7716 597000
7716 598500
7716 600000
7716 601500
7716 603000
7716 604500
7716 606000
7738 313500
7738 315000
7738 316500
7738 318000
7738 319500
7738 321000
7738 322500
7738 324000
7738 325500
7738 327000
7738 328500
7738 330000
7738 331500
7738 333000
7738 595500
7738 597000
7738 598500
7738 600000
7738 601500
7738 603000
7738 604500
7738 606000
7738 607500
7738 609000
7738 610500
7738 612000
7738 613500
7738 615000
7738 616500
7738 618000
7738 619500
7738 621000
7738 622500
7738 624000
7738 625500
7738 627000
7738 628500
7738 630000
7738 631500
7738 633000
7738 634500
7738 636000
7738 637500
7738 639000
7738 640500
7738 642000
7738 643500
7738 645000
7738 646500
7738 648000
7750 279000
7750 280500
7750 282000
7750 283500
7750 285000
7750 286500
7750 288000
7750 289500
7750 291000
7750 292500
7750 294000
7750 295500
7750 297000
7750 298500
7750 300000
7750 301500
7750 303000
7750 544500
7750 546000
7750 547500
7750 549000
7750 550500
7750 552000
7750 553500
7750 570000
7750 571500
7750 573000
7750 574500
7750 576000
7750 577500
7750 579000
7750 580500
7750 582000
7750 583500
7750 585000
7750 586500
7750 588000
7750 589500
7750 591000
7750 592500
7779 279000
7779 280500
7779 282000
7779 283500
7779 285000
7779 286500
7779 288000
7779 289500
7779 291000
7779 292500
7779 294000
7779 295500
7779 297000
7779 298500
7779 300000
7779 301500
7779 570000
7779 571500
7779 573000
7779 574500
7779 576000
7779 577500
7779 579000
7779 580500
7779 582000
7779 583500
7779 585000
7779 586500
7779 588000
7779 589500
7779 591000
7779 592500
7794 280500
7794 282000
7794 283500
7794 285000
7794 286500
7794 288000
7794 289500
7794 291000
7794 292500
7794 294000
7794 295500
7794 297000
7794 298500
7794 300000
7794 547500
7794 549000
7794 550500
7794 552000
7794 553500
7794 555000
7794 556500
7794 582000
7794 583500
7794 585000
7794 586500
7794 588000
7794 589500
7794 591000
7813 279000
7813 280500
7813 282000
7813 283500
7813 285000
7813 286500
7813 288000
7813 289500
7813 291000
7813 292500
7813 294000
7813 295500
7813 297000
7813 298500
7813 300000
7813 552000
7813 553500
7813 555000
7813 556500
7813 558000
7813 559500
7813 561000
7813 562500
7813 564000
7813 565500
7813 567000
7813 568500
7813 570000
7813 571500
7813 573000
7813 574500
7813 576000
7813 577500
7813 583500
7813 585000
7813 586500
7813 588000
7813 589500
7813 591000
7813 592500
7813 594000
7813 595500
7813 597000
7830 327000
7830 328500
7830 330000
7830 331500
7830 333000
7830 334500
7830 336000
7830 337500
7830 339000
7830 340500
7830 342000
7830 343500
7830 345000
7830 610500
7830 612000
7830 613500
7830 615000
7830 616500
7830 618000
7830 619500
7830 621000
7830 622500
7830 624000
7830 625500
7830 627000
7830 628500
7830 630000
7830 631500
7830 633000
7830 634500
7830 636000
7830 637500
7830 639000
7830 640500
7830 642000
7830 643500
7830 645000
7830 646500
7830 648000
7830 649500
7830 651000
7830 669000
7830 670500
7830 672000
7830 673500
7830 675000
7830 676500
7830 678000
7830 679500
7830 681000
7830 682500
7830 684000
7830 685500
7830 687000
7856 282000
7856 283500
7856 285000
7856 286500
7856 288000
7856 289500
7856 291000
7856 292500
7856 294000
7856 295500
7856 297000
7879 280500
7879 282000
7879 283500
7879 285000
7879 286500
7879 288000
7879 289500
7879 291000
7879 292500
7879 294000
7879 295500
7879 297000
7889 280500
7889 282000
7889 283500
7889 285000
7889 286500
7889 288000
7889 289500
7889 291000
7889 292500
7889 294000
7889 295500
7889 297000
7889 298500
7889 300000
7889 301500
7889 553500
7889 555000
7889 556500
7889 558000
7889 559500
7889 561000
7889 562500
7889 564000
7889 576000
7889 577500
7889 579000
7889 580500
7889 582000
7889 583500
7889 585000
7889 586500
7889 588000
7889 589500
7889 591000
7889 592500
7889 594000
7889 595500
7910 282000
7910 283500
7910 285000
7910 286500
7910 288000
7910 289500
7910 291000
7910 292500
7910 294000
7910 295500
7910 297000
7910 298500
7910 300000
7910 301500
7910 303000
7910 583500
7910 585000
7910 586500
7910 588000
7910 589500
7910 591000
7910 592500
7910 594000
7910 595500
7910 597000
7910 598500
7910 600000
7910 601500
7922 277500
7922 279000
7922 280500
7922 282000
7922 283500
7922 285000
7922 286500
7922 288000
7922 289500
7922 291000
7922 292500
7922 294000
7922 295500
7922 297000
7922 298500
7922 300000
7922 301500
7922 303000
7922 304500
7922 306000
7922 307500
7922 597000
7922 598500
7922 600000
7922 601500
7922 603000
7922 604500
7922 606000
7955 283500
7955 285000
7955 286500
7955 288000
7955 289500
7955 291000
7955 292500
7955 294000
7955 295500
7955 297000
7955 298500
7955 300000
7955 301500
7955 577500
7955 579000
7955 580500
7955 582000
7955 583500
7955 585000
7955 586500
7955 588000
7955 589500
7955 591000
7955 592500
7955 594000
7955 595500
7955 597000
7955 598500
7955 600000
7955 601500
7955 603000
7967 285000
7967 286500
7967 288000
7967 289500
7967 291000
7967 292500
7967 294000
7967 295500
7967 297000
7967 298500
7967 300000
7967 301500
7967 303000
7967 562500
7967 564000
7967 565500
7967 567000
7967 568500
7967 570000
7967 571500
7967 573000
7967 574500
7967 576000
7967 577500
7967 579000
7967 580500
7967 582000
7967 583500
7967 585000
7967 586500
7967 588000
7967 589500
7967 591000
7967 598500
7967 600000
7967 601500
7967 603000
7967 604500
7967 606000
7967 607500
7982 288000
7982 289500
7982 291000
7982 292500
7982 294000
7982 295500
7982 297000
8018 286500
8018 288000
8018 289500
8018 291000
8018 292500
8018 294000
8018 295500
8018 297000
8018 298500
8018 300000
8018 301500
8018 303000
8018 304500
8018 306000
8018 567000
8018 568500
8018 570000
8018 571500
8018 573000
8018 574500
8018 576000
8018 577500
8018 579000
8018 580500
8018 582000
8018 583500
8018 585000
8018 586500
8018 594000
8018 595500
8018 597000
8018 598500
8018 600000
8018 601500
8037 286500
8037 288000
8037 289500
8037 291000
8037 292500
8037 294000
8037 295500
8037 297000
8037 298500
8037 300000
8037 301500
8037 303000
8037 304500
8037 306000
8037 307500
8037 583500
8037 585000
8037 586500
8037 588000
8037 589500
8037 591000
8037 592500
8037 594000
8037 595500
8037 597000
8037 598500
8037 600000
8037 601500
8037 603000
8037 604500
8037 606000
8058 285000
8058 286500
8058 288000
8058 289500
8058 291000
8058 292500
8058 294000
8058 295500
8058 297000
8058 298500
8058 300000
8058 301500
8058 303000
8058 304500
8058 306000
8058 307500
8058 574500
8058 576000
8058 577500
8058 579000
8058 580500
8058 582000
8058 583500
8058 585000
8058 586500
8058 588000
8058 589500
8058 591000
8058 592500
8058 594000
8058 595500
8058 597000
8058 598500
8058 600000
8058 601500
8058 603000
8058 604500
8058 606000
8058 607500
8058 609000
8058 610500
8114 289500
8114 291000
8114 292500
8114 294000
8114 295500
8114 297000
8114 298500
8114 300000
8114 301500
8114 303000
8114 304500
8114 306000
8114 307500
8114 309000
8114 582000
8114 583500
8114 585000
8114 586500
8114 588000
8114 589500
8114 591000
8114 592500
8114 600000
8114 601500
8114 603000
8114 604500
8114 606000
8114 607500
8114 609000
8114 610500
8114 612000
8114 613500
8114 615000
8114 616500
8148 291000
8148 292500
8148 294000
8148 295500
8148 297000
8148 298500
8148 300000
8148 301500
8148 303000
8148 304500
8148 306000
8148 307500
8148 309000
8148 310500
8148 576000
8148 577500
8148 579000
8148 580500
8148 582000
8148 583500
8148 585000
8148 586500
8148 588000
8148 589500
8148 591000
8148 592500
8148 594000
8148 595500
8148 597000
8148 598500
8148 600000
8148 601500
8148 603000
8148 604500
8148 606000
8148 607500
8148 609000
8148 610500
8148 612000
8148 613500
8148 615000
8148 616500
8148 618000
8148 619500
8148 621000
8148 622500
8148 624000
8174 291000
8174 292500
8174 294000
8174 295500
8174 297000
8174 298500
8174 300000
8174 301500
8174 303000
8174 304500
8174 306000
8174 307500
8174 309000
8213 289500
8213 291000
8213 292500
8213 294000
8213 295500
8213 297000
8213 298500
8213 300000
8213 301500
8213 303000
8213 304500
8213 306000
8213 307500
8213 309000
8213 310500
8213 312000
8213 313500
8213 315000
8213 316500
8213 318000
8213 319500
8213 591000
8213 592500
8213 594000
8213 595500
8213 597000
8213 598500
8213 600000
8213 601500
8213 603000
8213 604500
8213 606000
8213 607500
8213 609000
8213 610500
8213 612000
8213 613500
8213 615000
8213 616500
8213 618000
8213 619500
8213 622500
8213 624000
8213 625500
8213 627000
8213 628500
8213 630000
8213 631500
8228 294000
8228 295500
8228 297000
8228 298500
8228 300000
8228 301500
8228 303000
8228 304500
8228 306000
8228 307500
8228 309000
8228 310500
8228 312000
8228 313500
8228 315000
8228 316500
8228 588000
8228 589500
8228 591000
8228 592500
8228 594000
8228 595500
8228 597000
8228 598500
8228 600000
8228 601500
8228 603000
8228 604500
8228 609000
8228 610500
8228 612000
8228 613500
8228 615000
8228 616500
8228 618000
8228 619500
8228 621000
8228 622500
8228 624000
8228 625500
8228 627000
8228 628500
8228 630000
8242 294000
8242 295500
8242 297000
8242 298500
8242 300000
8242 301500
8242 303000
8242 304500
8242 306000
8242 307500
8242 309000
8242 310500
8242 312000
8242 313500
8242 315000
8242 316500
8242 318000
8242 319500
8242 321000
8242 577500
8242 579000
8242 580500
8242 582000
8242 583500
8242 585000
8242 586500
8242 588000
8242 589500
8242 591000
8242 592500
8242 618000
8242 619500
8242 621000
8242 622500
8242 624000
8242 625500
8242 627000
8242 628500
8242 630000
8242 631500
8242 633000
8242 634500
8242 636000
8242 637500
8263 297000
8263 298500
8263 300000
8263 301500
8263 303000
8263 304500
8263 306000
8263 307500
8263 309000
8263 310500
8263 312000
8263 313500
8263 315000
8263 316500
8263 318000
8263 319500
8263 582000
8263 583500
8263 585000
8263 586500
8263 588000
8263 589500
8263 591000
8263 592500
8263 594000
8263 595500
8263 597000
8263 598500
8263 600000
8263 601500
8263 603000
8263 604500
8263 615000
8263 616500
8263 618000
8263 619500
8263 621000
8263 622500
8263 624000
8263 625500
8263 627000
8263 628500
8263 630000
8263 631500
8263 633000
8263 634500
8263 636000
8293 295500
8293 297000
8293 298500
8293 300000
8293 301500
8293 303000
8293 304500
8293 306000
8293 307500
8293 309000
8293 310500
8293 312000
8293 313500
8293 315000
8293 316500
8293 318000
8293 319500
8315 300000
8315 301500
8315 303000
8315 304500
8315 306000
8315 307500
8315 309000
8315 310500
8315 312000
8315 313500
8315 315000
8315 316500
8338 295500
8338 297000
8338 298500
8338 300000
8338 301500
8338 303000
8338 304500
8338 306000
8338 307500
8338 309000
8338 310500
8338 312000
8338 313500
8338 315000
8338 316500
8338 318000
8338 319500
8338 321000
8358 297000
8358 298500
8358 300000
8358 301500
8358 303000
8358 304500
8358 306000
8358 307500
8358 310500
8358 312000
8358 313500
8358 315000
8358 316500
8358 318000
8358 319500
8358 321000
8358 322500
8358 324000
8358 325500
8358 327000
8358 328500
8358 589500
8358 591000
8358 592500
8358 594000
8358 595500
8358 597000
8358 598500
8358 618000
8358 619500
8358 621000
8358 622500
8358 624000
8358 625500
8358 627000
8358 628500
8358 630000
8358 631500
8358 642000
8358 643500
8358 645000
8358 646500
8358 648000
8358 649500
8358 651000
8370 303000
8370 304500
8370 306000
8370 307500
8370 309000
8370 310500
8370 312000
8370 313500
8370 315000
8370 316500
8370 318000
8370 319500
8370 321000
8370 322500
8370 324000
8370 325500
8370 592500
8370 594000
8370 595500
8370 597000
8370 598500
8370 600000
8370 601500
8370 603000
8370 604500
8370 606000
8370 607500
8370 609000
8370 610500
8370 613500
8370 615000
8370 616500
8370 618000
8370 619500
8370 621000
8370 622500
8370 624000
8370 625500
8370 636000
8370 637500
8370 639000
8370 640500
8370 642000
8370 643500
8370 645000
8370 646500
8370 648000
8370 649500
8370 651000
8370 652500
8370 654000
8370 655500
8370 657000
8370 658500
8370 660000
8370 661500
8370 663000
8398 300000
8398 301500
8398 303000
8398 304500
8398 306000
8398 307500
8398 309000
8398 310500
8398 312000
8398 313500
8398 315000
8398 316500
8398 318000
8398 319500
8398 321000
8398 322500
8398 324000
8398 325500
8398 327000
8398 328500
8398 601500
8398 603000
8398 604500
8398 606000
8398 607500
8398 609000
8398 616500
8398 618000
8398 619500
8398 621000
8398 622500
8398 624000
8398 625500
8398 627000
8398 628500
8398 630000
8398 631500
8398 633000
8398 634500
8398 636000
8417 306000
8417 307500
8417 309000
8417 310500
8417 312000
8417 313500
8417 315000
8417 316500
8417 318000
8417 319500
8417 321000
8417 322500
8417 324000
8417 325500
8417 327000
8417 328500
8417 595500
8417 597000
8417 598500
8417 600000
8417 601500
8417 603000
8417 604500
8417 606000
8417 615000
8417 616500
8417 618000
8417 619500
8417 621000
8417 622500
8417 624000
8417 625500
8417 627000
8417 628500
8417 630000
8417 631500
8417 633000
8417 634500
8417 636000
8417 637500
8417 639000
8417 640500
8417 642000
8417 643500
8417 645000
8417 646500
8428 307500
8428 309000
8428 310500
8428 312000
8428 313500
8428 315000
8428 316500
8428 318000
8428 319500
8428 321000
8428 322500
8428 324000
8428 325500
8428 327000
8428 328500
8428 598500
8428 600000
8428 601500
8428 603000
8428 604500
8428 606000
8428 607500
8428 609000
8428 610500
8428 612000
8428 618000
8428 619500
8428 621000
8428 622500
8428 624000
8428 625500
8428 627000
8428 628500
8428 631500
8428 633000
8428 634500
8428 636000
8428 637500
8428 639000
8428 640500
8428 642000
8428 643500
8428 645000
8428 646500
8428 648000
8428 649500
8428 651000
8428 652500
8428 654000
8428 655500
8428 657000
8428 658500
8428 660000
8451 309000
8451 310500
8451 312000
8451 313500
8451 315000
8451 316500
8451 318000
8451 319500
8451 321000
8451 322500
8451 324000
8451 325500
8451 327000
8451 328500
8451 330000
8451 331500
8451 597000
8451 598500
8451 600000
8451 601500
8451 603000
8451 604500
8451 606000
8451 607500
8451 619500
8451 621000
8451 622500
8451 624000
8451 625500
8451 627000
8451 636000
8451 637500
8451 639000
8451 640500
8451 642000
8451 643500
8451 645000
8451 646500
8451 648000
8451 649500
8451 651000
8451 652500
8451 654000
8451 655500
8451 657000
8451 658500
8451 660000
8451 661500
8451 663000
8451 664500
8451 666000
8465 310500
8465 312000
8465 313500
8465 315000
8465 316500
8465 318000
8465 319500
8465 321000
8465 322500
8465 324000
8465 325500
8465 327000
8465 328500
8465 330000
8465 331500
8465 333000
8465 334500
8465 336000
8465 337500
8465 600000
8465 601500
8465 603000
8465 604500
8465 606000
8465 607500
8465 609000
8465 610500
8465 612000
8465 613500
8465 621000
8465 622500
8465 624000
8465 625500
8465 627000
8465 628500
8465 630000
8465 631500
8465 633000
8465 634500
8465 636000
8465 637500
8465 639000
8465 640500
8465 642000
8465 654000
8465 655500
8465 657000
8465 658500
8465 660000
8465 661500
8465 663000
8465 664500
8465 666000
8498 312000
8498 313500
8498 315000
8498 316500
8498 318000
8498 319500
8498 321000
8498 322500
8498 324000
8498 325500
8498 327000
8498 328500
8498 330000
8508 315000
8508 316500
8508 318000
8508 319500
8508 321000
8508 322500
8508 324000
8508 325500
8508 327000
8508 328500
8508 330000
8508 331500
8508 333000
8508 334500
8508 336000
8508 624000
8508 625500
8508 627000
8508 628500
8508 630000
8508 631500
8508 633000
8508 634500
8508 636000
8508 637500
8508 652500
8508 654000
8508 655500
8508 657000
8508 658500
8508 660000
8508 661500
8508 663000
8508 664500
8508 675000
8508 676500
8508 678000
8508 679500
8508 681000
8508 682500
8538 319500
8538 321000
8538 322500
8538 324000
8538 325500
8538 327000
8538 328500
8538 330000
8538 331500
8538 333000
8538 334500
8538 336000
8538 337500
8538 339000
8538 340500
8538 621000
8538 622500
8538 624000
8538 625500
8538 627000
8538 628500
8538 630000
8538 639000
8538 640500
8538 642000
8538 643500
8538 645000
8538 646500
8538 648000
8538 649500
8538 651000
8538 652500
8538 654000
8538 655500
8538 664500
8538 666000
8538 667500
8538 669000
8538 670500
8538 672000
8538 673500
8538 679500
8538 681000
8538 682500
8538 684000
8538 685500
8538 687000
8538 688500
8538 690000
8538 691500
8538 693000
8538 694500
8538 696000
8556 319500
8556 321000
8556 322500
8556 324000
8556 325500
8556 327000
8556 328500
8556 330000
8556 331500
8556 333000
8556 334500
8556 336000
8556 337500
8556 339000
8556 340500
8573 322500
8573 324000
8573 325500
8573 327000
8573 328500
8573 330000
8573 331500
8573 333000
8573 334500
8573 336000
8573 337500
8573 339000
8573 340500
8573 342000
8573 343500
8573 622500
8573 624000
8573 625500
8573 627000
8573 628500
8573 630000
8573 631500
8573 633000
8573 634500
8573 636000
8573 637500
8573 639000
8573 640500
8573 648000
8573 649500
8573 651000
8573 652500
8573 654000
8573 655500
8573 657000
8573 658500
8573 660000
8573 661500
8573 663000
8573 664500
8573 666000
8573 667500
8573 684000
8573 685500
8573 687000
8573 688500
8573 690000
8573 691500
8573 693000
8573 694500
8573 696000
8573 697500
8573 699000
8588 312000
8588 313500
8588 315000
8588 316500
8588 318000
8588 319500
8588 328500
8588 330000
8588 331500
8588 333000
8588 334500
8588 336000
8588 337500
8588 339000
8588 340500
8588 342000
8588 343500
8588 345000
8588 346500
8588 348000
8588 349500
8588 351000
8588 352500
8588 625500
8588 627000
8588 628500
8588 630000
8588 631500
8588 633000
8588 634500
8588 636000
8588 637500
8588 639000
8588 640500
8588 642000
8588 643500
8588 645000
8588 646500
8588 648000
8588 649500
8588 654000
8588 655500
8588 657000
8588 658500
8588 660000
8588 661500
8588 663000
8588 664500
8588 666000
8588 667500
8588 685500
8588 687000
8588 688500
8588 690000
8588 691500
8588 693000
8588 694500
8588 696000
8588 697500
8607 315000
8607 316500
8607 318000
8607 319500
8607 321000
8607 322500
8607 328500
8607 330000
8607 331500
8607 333000
8607 334500
8607 336000
8607 337500
8607 339000
8607 340500
8607 342000
8607 343500
8607 345000
8607 346500
8607 348000
8654 336000
8654 337500
8654 339000
8654 340500
8654 342000
8654 343500
8654 345000
8654 346500
8654 348000
8654 349500
8654 351000
8654 352500
8654 354000
8654 355500
8654 357000
8654 358500
8654 360000
8654 361500
8654 363000
8654 364500
8654 366000
8654 367500
8654 369000
8654 643500
8654 645000
8654 646500
8654 648000
8654 649500
8654 651000
8654 652500
8654 654000
8654 655500
8654 657000
8654 670500
8654 672000
8654 673500
8654 675000
8654 676500
8654 678000
8654 679500
8654 681000
8654 682500
8654 684000
8654 685500
8670 343500
8670 345000
8670 346500
8670 348000
8670 349500
8670 351000
8670 352500
8670 354000
8670 355500
8670 357000
8670 358500
8670 360000
8670 361500
8670 363000
8670 364500
8670 366000
8670 367500
8670 369000
8670 682500
8670 684000
8670 685500
8670 687000
8670 688500
8670 690000
8670 691500
8670 693000
8670 694500
8670 696000
8670 697500
8670 699000
8670 700500
8670 702000
8670 703500
8670 705000
8670 706500
8670 708000
8692 334500
8692 336000
8692 337500
8692 339000
8692 340500
8692 342000
8692 343500
8692 348000
8692 349500
8692 351000
8692 352500
8692 354000
8692 355500
8692 357000
8692 358500
8692 360000
8692 361500
8692 363000
8692 364500
8692 366000
8692 700500
8692 702000
8692 703500
8692 705000
8692 706500
8692 708000
8710 333000
8710 334500
8710 336000
8710 337500
8710 339000
8710 340500
8710 342000
8710 352500
8710 354000
8710 355500
8710 357000
8710 358500
8710 360000
8710 361500
8710 363000
8710 364500
8710 366000
8710 367500
8710 369000
8710 370500
8710 372000
8710 373500
8710 712500
8710 714000
8710 715500
8710 717000
8710 718500
8710 720000
8710 721500
8742 363000
8742 364500
8742 366000
8742 367500
8742 369000
8742 370500
8742 372000
8742 373500
8742 375000
8742 376500
8742 378000
8742 379500
8742 381000
8742 382500
8742 384000
8742 385500
8742 387000
8742 388500
8778 369000
8778 370500
8778 372000
8778 373500
8778 375000
8778 376500
8778 378000
8778 379500
8778 381000
8778 382500
8778 384000
8778 385500
8778 387000
8778 388500
8778 390000
8778 408000
8778 409500
8778 411000
8778 412500
8778 414000
8778 415500
8778 417000
8778 418500
8778 420000
8778 421500
8778 423000
8778 424500
8778 426000
8778 427500
8778 429000
8778 430500
8778 432000
8778 433500
8778 435000
8778 436500
8778 438000
8778 439500
8778 441000
8778 442500
8778 444000
8778 445500
8778 447000
8778 457500
8778 459000
8778 460500
8778 462000
8778 463500
8778 465000
8778 466500
8795 358500
8795 360000
8795 361500
8795 363000
8795 364500
8795 366000
8795 391500
8795 393000
8795 394500
8795 396000
8795 397500
8795 399000
8795 400500
8795 402000
8795 403500
8795 405000
8795 406500
8795 408000
8795 409500
8795 411000
8795 412500
8795 414000
8795 415500
8795 417000
8795 418500
8795 420000
8795 421500
8795 423000
8795 424500
8795 426000
8795 457500
8795 459000
8795 460500
8795 462000
8795 463500
8795 465000
8795 466500
8795 468000
8795 469500
8795 471000
8795 472500
8795 474000
8795 475500
8795 477000
8795 478500
8810 367500
8810 369000
8810 370500
8810 372000
8810 373500
8810 375000
8810 376500
8810 378000
8810 411000
8810 412500
8810 414000
8810 415500
8810 417000
8810 418500
8810 420000
8810 421500
8810 423000
8810 424500
8810 426000
8810 427500
8810 429000
8810 430500
8810 432000
8810 433500
8810 435000
8810 436500
8810 438000
8810 439500
8810 441000
8810 442500
8810 444000
8810 445500
8810 447000
8810 448500
8810 450000
8810 451500
8810 453000
8810 454500
8810 456000
8810 457500
8810 459000
8810 460500
8810 462000
8810 463500
8837 379500
8837 381000
8837 382500
8837 384000
8837 385500
8837 387000
8837 388500
8837 390000
8837 391500
8837 393000
8837 394500
8837 396000
8837 397500
8837 399000
8837 400500
8837 402000
8837 403500
8837 405000
8837 421500
8837 423000
8837 424500
8837 426000
8837 427500
8837 429000
8837 438000
8837 439500
8837 441000
8837 442500
8837 444000
8837 445500
8837 447000
8837 448500
8837 456000
8837 457500
8837 459000
8837 460500
8837 462000
8837 463500
8837 465000
8837 466500
8837 468000
8837 469500
8837 471000
8837 472500
8837 474000
8837 475500
8837 477000
8837 478500
8837 480000
8837 481500
8837 483000
8837 484500
8837 486000
8837 487500
8837 489000
8837 490500
8837 492000
8837 493500
8837 495000
8837 496500
8837 498000
8837 499500
8837 501000
8837 502500
8847 390000
8847 391500
8847 393000
8847 394500
8847 396000
8847 397500
8847 399000
8847 400500
8847 402000
8847 403500
8847 405000
8847 406500
8847 408000
8847 409500
8847 411000
8847 483000
8847 484500
8847 486000
8847 487500
8847 489000
8847 490500
8847 492000
8847 493500
8847 495000
8847 496500
8847 498000
8847 499500
8847 501000
8847 502500
8847 504000
9173 727500
9173 729000
9173 730500
9173 732000
9173 733500
9173 735000
9173 736500
9193 697500
9193 699000
9193 700500
9193 702000
9193 703500
9193 705000
9256 699000
9256 700500
9256 702000
9256 703500
9256 705000
9256 706500
9256 708000
9256 709500
9256 711000
9331 705000
9331 706500
9331 708000
9331 709500
9331 711000
9331 712500
9331 714000
9490 778500
9490 780000
9490 781500
9490 783000
9490 784500
9490 786000
9490 787500
9490 789000
9591 759000
9591 760500
9591 762000
9591 763500
9591 765000
9591 766500
9591 768000
9717 738000
9717 739500
9717 741000
9717 742500
9717 744000
9717 745500
9717 747000
9717 748500
9717 750000
9717 781500
9717 783000
9717 784500
9717 786000
9717 787500
9717 789000
9717 790500
9717 792000
9717 793500
9717 795000
9848 790500
9848 792000
9848 793500
9848 795000
9848 796500
9848 798000
9848 799500
9848 801000
9848 802500
9912 795000
9912 796500
9912 798000
9912 799500
9912 801000
9912 802500
9912 804000
9912 805500
9912 807000
9912 808500
9971 748500
9971 750000
9971 751500
9971 753000
9971 754500
9971 756000
9971 757500
9971 759000
9971 760500
9971 762000
9971 763500
9971 765000
9971 766500
9971 768000
10037 762000
10037 763500
10037 765000
10037 766500
10037 768000
10037 769500
10037 771000
10037 772500
10037 774000
10106 124500
10106 126000
10106 127500
10106 129000
10106 130500
10106 132000
10106 133500
10106 135000
10106 136500
10106 138000
10106 139500
10106 141000
10106 142500
10106 144000
10106 145500
10106 147000
10106 148500
10106 150000
10106 151500
10106 153000
10106 154500
10170 723000
10170 724500
10170 726000
10170 727500
10170 729000
10170 730500
10170 732000
10170 733500
10170 735000
10170 774000
10170 775500
10170 777000
10170 778500
10170 780000
10170 781500
10170 783000
10170 784500
10230 793500
10230 795000
10230 796500
10230 798000
10230 799500
10230 801000
10230 802500
10230 804000
10248 771000
10248 772500
10248 774000
10248 775500
10248 777000
10248 778500
10292 765000
10292 766500
10292 768000
10292 769500
10292 771000
10292 772500
10292 774000
10292 775500
10292 777000
10292 778500
10292 783000
10292 784500
10292 786000
10292 787500
10292 789000
10292 790500
10292 792000
10292 793500
10292 804000
10292 805500
10292 807000
10292 808500
10292 810000
10292 811500
10358 373500
10358 375000
10358 376500
10358 378000
10358 379500
10358 381000
10358 382500
10358 384000
10358 385500
10358 387000
10415 789000
10415 790500
10415 792000
10415 793500
10415 795000
10415 796500
10415 798000
11318 657000
11318 658500
11318 660000
11318 661500
11318 663000
11318 664500
11318 666000
11318 667500
11318 669000
11318 670500
11877 613500
11877 615000
11877 616500
11877 618000
11877 619500
11877 621000
11877 622500
11877 624000
11877 625500
11877 627000
11877 628500
11877 630000
11877 631500
11877 633000
11877 634500
11877 636000
11877 637500
