2749 379500 14
2749 381000 15
2749 382500 15
2749 384000 16
2749 385500 16
2749 387000 16
2749 388500 15
2749 390000 13
3092 127500 10
3092 129000 11
3092 130500 12
3092 132000 10
3092 133500 11
3092 135000 10
3188 237000 14
3188 238500 14
3188 240000 15
3188 241500 15
3188 243000 14
3188 244500 14
3188 246000 15
3188 247500 16
3188 249000 14
3188 250500 15
3188 252000 16
3188 253500 15
3188 255000 15
3188 256500 15
3188 258000 16
3188 259500 16
3188 261000 15
3188 262500 17
3188 264000 17
3188 265500 17
3188 267000 16
3188 268500 16
3188 270000 14
3521 129000 13
3521 130500 13
3521 132000 14
3521 133500 14
3521 135000 14
3521 136500 13
3574 124500 22
3574 126000 22
3574 127500 22
3574 129000 22
3574 130500 22
3574 132000 21
3574 133500 22
3574 135000 21
3595 126000 17
3595 127500 18
3595 129000 18
3595 130500 19
3595 132000 19
3595 133500 19
3595 135000 18
3595 136500 16
3595 138000 15
3595 139500 12
3615 124500 16
3615 126000 15
3615 127500 15
3615 129000 14
3615 130500 16
3615 132000 17
3615 133500 18
3615 135000 19
3615 136500 18
3615 138000 17
3615 139500 15
3678 127500 22
3678 129000 23
3678 130500 23
3678 132000 23
3678 133500 22
3678 135000 20
3678 136500 18
3678 138000 16
3694 129000 19
3694 130500 20
3694 132000 21
3694 133500 21
3694 135000 21
3694 136500 21
3694 138000 20
3694 139500 18
3694 141000 16
3712 127500 14
3712 129000 14
3712 130500 13
3712 132000 14
3712 133500 15
3712 135000 16
3712 136500 16
3712 138000 16
3712 139500 16
3712 141000 14
3712 142500 13
3732 124500 23
3732 126000 23
3732 127500 24
3732 129000 24
3732 130500 24
3732 132000 23
3732 133500 23
3732 135000 21
3732 136500 20
3732 138000 18
3732 139500 16
3732 141000 14
3752 127500 12
3752 129000 13
3752 130500 12
3752 132000 12
3752 133500 12
3752 135000 11
3752 136500 10
3771 132000 18
3771 133500 19
3771 135000 20
3771 136500 20
3771 138000 20
3771 139500 20
3771 141000 20
3771 142500 20
3771 144000 19
3771 145500 17
3771 147000 16
3771 148500 13
3784 141000 11
3784 142500 12
3784 144000 12
3784 145500 13
3784 147000 13
3784 148500 13
3784 150000 12
3784 151500 11
3802 136500 19
3802 138000 20
3802 139500 21
3802 141000 22
3802 142500 22
3802 144000 22
3802 145500 22
3802 147000 21
3802 148500 20
3802 150000 19
3802 151500 17
3802 153000 15
3802 154500 12
3870 468000 17
3870 469500 19
3870 471000 19
3870 472500 18
3870 474000 17
3870 475500 16
3870 477000 16
3870 478500 18
3870 480000 20
3870 481500 20
3870 483000 20
3870 484500 20
3870 486000 19
3870 487500 18
3870 489000 17
3870 490500 16
3870 492000 16
3870 493500 15
3870 495000 15
3870 496500 13
3919 183000 14
3919 184500 15
3919 186000 15
3919 187500 15
3919 189000 15
3919 190500 15
3919 192000 14
3919 193500 14
3919 195000 12
3937 186000 16
3937 187500 16
3937 189000 17
3937 190500 17
3937 192000 17
3937 193500 16
3937 195000 16
3937 196500 15
3937 198000 15
3937 199500 14
3937 201000 12
3937 202500 11
4027 267000 23
4027 268500 23
4027 270000 23
4027 271500 23
4027 273000 22
4027 274500 21
4027 276000 21
4027 277500 19
4027 279000 18
4133 226500 22
4133 228000 23
4133 229500 24
4133 231000 24
4133 232500 24
4159 226500 20
4159 228000 20
4159 229500 21
4159 231000 21
4159 232500 20
4170 225000 25
4170 226500 26
4170 228000 26
4170 229500 26
4170 231000 26
4212 250500 31
4212 252000 32
4212 253500 33
4212 255000 33
4212 256500 33
4212 258000 32
4212 259500 31
4212 261000 30
4212 262500 27
4212 264000 25
4212 265500 22
4238 220500 13
4238 222000 14
4238 223500 14
4238 225000 15
4238 226500 15
4238 228000 15
4238 229500 14
4238 231000 14
4238 232500 15
4238 234000 16
4238 235500 16
4238 237000 17
4238 238500 17
4269 229500 28
4269 231000 29
4269 232500 30
4269 234000 30
4269 235500 31
4269 237000 31
4269 238500 31
4269 240000 31
4269 241500 30
4269 243000 29
4269 244500 28
4269 246000 27
4269 247500 26
4269 249000 25
4269 250500 25
4314 228000 27
4314 229500 28
4314 231000 29
4314 232500 29
4314 234000 30
4314 235500 29
4314 237000 29
4314 238500 29
4314 240000 28
4314 241500 27
4314 243000 26
4314 244500 26
4314 246000 25
4330 237000 24
4330 238500 24
4330 240000 25
4330 241500 25
4330 243000 26
4330 244500 26
4330 246000 27
4330 247500 27
4330 249000 27
4356 225000 24
4356 226500 25
4356 228000 26
4356 229500 26
4356 231000 26
4356 232500 25
4356 234000 25
4356 235500 24
4356 237000 23
4356 238500 23
4356 240000 22
4356 241500 22
4356 243000 21
4356 244500 20
4356 246000 20
4366 222000 13
4366 223500 15
4366 225000 15
4366 226500 14
4366 228000 14
4366 229500 13
4366 231000 11
4366 232500 10
4366 235500 13
4366 237000 14
4366 238500 14
4366 240000 14
4366 241500 14
4366 243000 13
4366 244500 12
4380 220500 13
4380 222000 14
4380 223500 14
4380 225000 14
4380 226500 14
4380 228000 13
4380 229500 11
4380 231000 11
4380 232500 11
4380 234000 12
4380 235500 12
4380 237000 12
4380 238500 13
4380 240000 12
4380 241500 12
4417 231000 31
4417 232500 31
4417 234000 32
4417 235500 32
4417 237000 32
4417 238500 32
4417 240000 31
4417 241500 30
4417 243000 29
4417 244500 28
4417 246000 28
4417 247500 27
4417 249000 27
4438 226500 23
4438 228000 25
4438 229500 25
4438 231000 26
4438 232500 25
4438 234000 25
4438 235500 24
4438 237000 23
4438 238500 22
4438 240000 22
4438 241500 21
4438 243000 21
4438 244500 21
4438 246000 20
4438 247500 19
4438 249000 19
4478 228000 25
4478 229500 26
4478 231000 27
4478 232500 28
4478 234000 27
4478 235500 27
4478 237000 26
4478 238500 25
4478 240000 23
4478 241500 22
4478 243000 21
4478 244500 22
4478 246000 23
4478 247500 23
4478 249000 23
4478 250500 24
4478 252000 23
4478 253500 21
4497 231000 29
4497 232500 30
4497 234000 30
4497 235500 31
4497 237000 31
4497 238500 31
4497 240000 31
4497 241500 30
4497 243000 30
4497 244500 28
4497 246000 27
4497 247500 25
4497 249000 24
4513 226500 18
4513 228000 19
4513 229500 19
4513 231000 20
4513 232500 19
4513 234000 18
4513 235500 16
4513 237000 15
4528 231000 27
4528 232500 27
4528 234000 28
4528 235500 28
4528 237000 28
4528 238500 28
4528 240000 28
4528 241500 28
4528 243000 27
4528 244500 27
4528 246000 25
4528 247500 24
4528 249000 22
4528 250500 22
4559 234000 31
4559 235500 31
4559 237000 32
4559 238500 32
4559 240000 32
4559 241500 31
4559 243000 30
4559 244500 28
4559 246000 26
4559 247500 24
4559 249000 21
4559 250500 18
4570 259500 39
4570 261000 40
4570 262500 41
4570 264000 41
4570 265500 41
4570 267000 41
4570 268500 40
4570 270000 39
4570 271500 37
4570 273000 35
4570 274500 32
4570 276000 28
4570 277500 24
4570 279000 18
4570 499500 33
4570 501000 34
4570 502500 35
4570 504000 35
4570 505500 36
4570 507000 35
4570 508500 35
4570 510000 34
4570 511500 32
4570 513000 31
4570 514500 28
4570 516000 26
4570 517500 23
4570 519000 21
4570 520500 18
4570 522000 15
4570 523500 14
4570 757500 14
4570 759000 15
4570 760500 15
4570 762000 15
4570 763500 16
4570 765000 15
4570 766500 16
4570 768000 16
4570 769500 15
4570 771000 14
4570 772500 14
4582 232500 25
4582 234000 26
4582 235500 26
4582 237000 27
4582 238500 27
4582 240000 27
4582 241500 27
4582 243000 27
4582 244500 26
4582 246000 25
4582 247500 23
4582 249000 22
4648 240000 32
4648 241500 34
4648 243000 34
4648 244500 35
4648 246000 35
4648 247500 34
4648 249000 33
4648 250500 33
4679 259500 45
4679 261000 46
4679 262500 47
4679 264000 47
4679 265500 47
4679 267000 46
4679 268500 45
4679 270000 44
4679 271500 42
4679 273000 39
4679 274500 36
4679 276000 32
4679 277500 28
4679 279000 21
4679 280500 12
4679 501000 23
4679 502500 24
4679 504000 25
4679 505500 25
4679 507000 25
4679 508500 26
4679 510000 25
4679 511500 25
4679 516000 27
4679 517500 27
4679 519000 28
4679 520500 28
4679 522000 29
4679 523500 29
4679 525000 28
4679 526500 26
4679 528000 25
4679 529500 22
4679 531000 19
4679 532500 16
4679 748500 17
4679 750000 18
4679 751500 18
4679 753000 18
4679 754500 18
4679 756000 18
4679 757500 18
4679 759000 17
4679 760500 16
4679 762000 15
4679 763500 15
4679 765000 15
4679 766500 16
4679 768000 16
4679 769500 15
4679 771000 14
4679 772500 14
4679 774000 13
4715 240000 20
4715 241500 22
4715 243000 22
4715 244500 22
4715 246000 22
5028 252000 40
5028 253500 41
5028 255000 42
5028 256500 42
5028 258000 42
5028 259500 41
5028 261000 40
5028 262500 40
5028 264000 41
5028 265500 42
5028 267000 42
5028 268500 41
5028 270000 40
5028 271500 37
5028 273000 34
5028 274500 30
5028 276000 28
5336 276000 33
5336 277500 33
5336 279000 33
5336 280500 31
5336 282000 30
5336 283500 27
5336 285000 25
5336 286500 21
5336 288000 15
5377 255000 52
5377 256500 53
5377 258000 53
5377 259500 53
5377 261000 53
5377 262500 52
5377 264000 51
5377 265500 50
5377 267000 48
5377 268500 46
5377 270000 43
5377 271500 41
5377 273000 39
5377 274500 38
5377 276000 37
5377 277500 36
5377 279000 35
5377 280500 34
5377 282000 33
5377 283500 32
5377 285000 29
5377 286500 27
5377 288000 23
5377 493500 31
5377 495000 32
5377 496500 33
5377 498000 33
5377 499500 34
5377 501000 33
5377 502500 33
5377 504000 33
5377 511500 41
5377 513000 42
5377 514500 43
5377 516000 43
5377 517500 42
5377 519000 42
5377 520500 40
5377 522000 38
5377 523500 36
5377 525000 33
5377 526500 30
5377 528000 26
5377 750000 29
5377 751500 30
5377 753000 31
5377 754500 31
5377 756000 31
5377 757500 31
5377 759000 30
5377 760500 29
5377 762000 27
5377 763500 25
5377 765000 24
5377 766500 23
5377 768000 23
5377 769500 23
5377 771000 24
5377 772500 23
5377 774000 23
5377 775500 22
5377 777000 21
5392 274500 38
5392 276000 39
5392 277500 39
5392 279000 39
5392 280500 38
5392 282000 37
5392 283500 35
5392 285000 33
5392 286500 30
5392 288000 27
5392 289500 23
5392 291000 18
5416 277500 23
5416 279000 25
5416 280500 25
5416 282000 25
5416 283500 25
5416 285000 24
5416 286500 22
5416 288000 19
5416 289500 16
5437 277500 36
5437 279000 36
5437 280500 36
5437 282000 36
5437 283500 35
5437 285000 34
5437 286500 32
5437 288000 29
5437 289500 26
5437 291000 22
5482 276000 37
5482 277500 37
5482 279000 37
5482 280500 37
5482 282000 36
5482 283500 35
5482 285000 33
5482 286500 31
5482 288000 28
5482 289500 25
5482 291000 21
5482 292500 17
5534 273000 44
5534 274500 44
5534 276000 44
5534 277500 44
5534 279000 44
5534 280500 43
5534 282000 42
5534 283500 40
5534 285000 38
5534 286500 35
5534 288000 32
5534 289500 28
5534 291000 23
5534 292500 17
5575 276000 42
5575 277500 42
5575 279000 42
5575 280500 41
5575 282000 41
5575 283500 39
5575 285000 37
5575 286500 35
5575 288000 32
5575 289500 28
5575 291000 24
5575 292500 20
5593 274500 41
5593 276000 42
5593 277500 42
5593 279000 42
5593 280500 42
5593 282000 40
5593 283500 39
5593 285000 37
5593 286500 34
5593 288000 31
5593 289500 27
5593 291000 22
5593 544500 21
5593 546000 22
5593 547500 22
5593 549000 22
5593 550500 22
5593 552000 22
5593 553500 20
5593 555000 19
5613 540000 20
5613 541500 21
5613 543000 22
5613 544500 21
5613 546000 21
5613 547500 20
5613 549000 20
5613 550500 20
5636 274500 46
5636 276000 46
5636 277500 46
5636 279000 45
5636 280500 45
5636 282000 43
5636 283500 42
5636 285000 40
5636 286500 37
5636 288000 34
5636 289500 29
5636 291000 24
5653 274500 42
5653 276000 42
5653 277500 43
5653 279000 43
5653 280500 42
5653 282000 42
5653 283500 41
5653 285000 39
5653 286500 37
5653 288000 35
5653 289500 31
5653 291000 26
5663 279000 40
5663 280500 40
5663 282000 40
5663 283500 39
5663 285000 38
5663 286500 37
5663 288000 35
5663 289500 32
5663 291000 28
5663 292500 24
5681 280500 31
5681 282000 33
5681 283500 33
5681 285000 33
5681 286500 33
5681 288000 31
5681 289500 30
5681 291000 27
5681 292500 24
5712 273000 40
5712 274500 40
5712 276000 40
5712 277500 40
5712 279000 39
5712 280500 38
5712 282000 37
5712 283500 35
5712 285000 32
5712 286500 29
5712 288000 26
5712 289500 21
5724 274500 38
5724 276000 39
5724 277500 40
5724 279000 39
5724 280500 38
5724 282000 35
5758 273000 44
5758 274500 44
5758 276000 45
5758 277500 45
5758 279000 45
5758 280500 44
5758 282000 42
5758 283500 41
5758 285000 38
5758 286500 35
5758 288000 32
5758 289500 27
5758 291000 21
5776 271500 46
5776 273000 47
5776 274500 47
5776 276000 47
5776 277500 47
5776 279000 47
5776 280500 46
5776 282000 45
5776 283500 43
5776 285000 41
5776 286500 38
5776 288000 34
5776 289500 29
5776 291000 23
5793 270000 44
5793 271500 45
5793 273000 46
5793 274500 47
5793 276000 47
5793 277500 47
5793 279000 47
5793 280500 46
5793 282000 45
5793 283500 43
5793 285000 41
5793 286500 38
5793 288000 35
5793 289500 31
5793 291000 26
5793 292500 21
5793 535500 23
5793 537000 23
5793 538500 23
5793 540000 23
5793 541500 23
5793 543000 23
5793 544500 23
5793 546000 22
5793 547500 21
5810 270000 45
5810 271500 46
5810 273000 47
5810 274500 47
5810 276000 48
5810 277500 48
5810 279000 47
5810 280500 47
5810 282000 45
5810 283500 44
5810 285000 42
5810 286500 39
5810 288000 36
5810 289500 32
5810 291000 27
5810 292500 22
5810 538500 19
5810 540000 20
5810 541500 20
5810 543000 21
5810 544500 21
5810 546000 21
5810 547500 20
5810 549000 19
5822 271500 46
5822 273000 47
5822 274500 48
5822 276000 48
5822 277500 48
5822 279000 47
5822 280500 46
5822 282000 45
5822 283500 43
5822 285000 40
5822 286500 37
5822 288000 33
5822 289500 29
5822 291000 23
5847 270000 44
5847 271500 46
5847 273000 46
5847 274500 47
5847 276000 47
5847 277500 47
5847 279000 46
5847 280500 45
5847 282000 44
5847 283500 42
5847 285000 39
5847 286500 36
5847 288000 33
5847 289500 29
5915 538500 26
5915 540000 27
5915 541500 28
5915 543000 28
5915 544500 28
5915 546000 28
5915 547500 27
5915 549000 27
5915 550500 25
5915 552000 23
5915 553500 22
5936 276000 44
5936 277500 44
5936 279000 43
5936 280500 42
5936 282000 40
5936 283500 38
5936 285000 35
5936 286500 32
5936 288000 28
5936 289500 23
5936 538500 28
5936 540000 29
5936 541500 29
5936 543000 29
5936 544500 29
5936 546000 29
5936 547500 28
5936 549000 27
5936 550500 26
5936 552000 25
5936 553500 23
5954 277500 40
5954 279000 40
5954 280500 39
5954 282000 38
5954 283500 36
5954 285000 33
5954 286500 30
5954 288000 27
5954 289500 22
5966 253500 57
5966 255000 58
5966 256500 59
5966 258000 59
5966 259500 59
5966 261000 59
5966 262500 59
5966 264000 58
5966 265500 57
5966 267000 56
5966 268500 54
5966 270000 52
5966 271500 50
5966 273000 47
5966 274500 44
5966 276000 42
5966 277500 41
5966 279000 40
5966 280500 40
5966 282000 39
5966 283500 37
5966 285000 35
5966 286500 32
5966 288000 28
5966 289500 24
5966 495000 38
5966 496500 39
5966 498000 40
5966 499500 41
5966 501000 41
5966 502500 41
5966 504000 40
5966 505500 40
5966 507000 39
5966 508500 38
5966 510000 36
5966 511500 33
5966 513000 33
5966 519000 42
5966 520500 43
5966 522000 43
5966 523500 44
5966 525000 44
5966 526500 44
5966 528000 43
5966 529500 42
5966 531000 41
5966 532500 38
5966 534000 35
5966 535500 31
5966 537000 25
5966 753000 25
5966 754500 26
5966 756000 27
5966 757500 27
5966 759000 28
5966 760500 27
5966 762000 27
5966 763500 27
5966 769500 32
5966 771000 32
5966 772500 33
5966 774000 34
5966 775500 34
5966 777000 34
5966 778500 35
5966 780000 34
5966 781500 33
5966 783000 32
5966 784500 29
5966 786000 25
6015 541500 26
6015 543000 27
6015 544500 28
6015 546000 27
6015 547500 27
6015 549000 26
6015 550500 24
6015 552000 23
6015 553500 21
6026 276000 44
6026 277500 44
6026 279000 43
6026 280500 42
6026 282000 41
6026 283500 39
6026 285000 37
6026 286500 33
6026 288000 29
6026 289500 24
6026 541500 27
6026 543000 29
6026 544500 29
6026 546000 29
6026 547500 29
6026 549000 28
6026 550500 27
6026 552000 25
6042 279000 31
6042 280500 31
6042 282000 31
6042 283500 31
6042 285000 30
6042 286500 29
6042 288000 26
6042 289500 23
6042 291000 19
6084 280500 29
6084 282000 31
6084 283500 31
6084 285000 30
6084 286500 29
6084 288000 27
6084 289500 23
6124 277500 44
6124 279000 44
6124 280500 43
6124 282000 42
6124 283500 40
6124 285000 38
6124 286500 34
6124 288000 30
6124 289500 25
6124 543000 25
6124 544500 27
6124 546000 28
6124 547500 28
6124 549000 27
6124 550500 26
6124 552000 25
6124 553500 23
6124 555000 21
6147 540000 30
6147 541500 31
6147 543000 32
6147 544500 33
6147 546000 32
6147 547500 32
6147 549000 31
6147 550500 29
6147 552000 27
6179 273000 48
6179 274500 48
6179 276000 48
6179 277500 48
6179 279000 47
6179 280500 46
6179 282000 44
6179 283500 42
6179 285000 40
6179 286500 36
6179 288000 32
6179 289500 27
6179 543000 27
6179 544500 28
6179 546000 28
6179 547500 27
6179 549000 26
6179 550500 25
6179 552000 24
6179 553500 22
6254 270000 45
6254 271500 46
6254 273000 46
6254 274500 47
6254 276000 47
6254 277500 46
6254 279000 46
6254 280500 45
6254 282000 43
6254 283500 41
6254 285000 39
6254 286500 36
6254 288000 32
6254 289500 28
6254 291000 22
6272 261000 43
6272 262500 44
6272 264000 44
6272 265500 44
6272 267000 45
6272 268500 45
6272 270000 45
6272 271500 45
6272 273000 46
6272 274500 46
6272 276000 46
6272 277500 45
6272 279000 45
6272 280500 44
6272 282000 43
6272 283500 41
6272 285000 39
6272 286500 36
6272 288000 33
6272 289500 28
6272 291000 23
6287 270000 44
6287 271500 45
6287 273000 46
6287 274500 46
6287 276000 46
6287 277500 46
6287 279000 45
6287 280500 44
6287 282000 43
6287 283500 41
6287 285000 38
6287 286500 35
6287 288000 31
6287 289500 27
6287 291000 20
6304 271500 43
6304 273000 44
6304 274500 44
6304 276000 44
6304 277500 44
6304 279000 43
6304 280500 42
6304 282000 40
6304 283500 38
6304 285000 35
6304 286500 32
6304 288000 27
6304 289500 21
6355 280500 32
6355 282000 33
6355 283500 33
6355 285000 33
6355 286500 31
6355 288000 29
6355 289500 26
6355 291000 22
6355 549000 30
6355 550500 30
6355 552000 30
6355 553500 29
6355 555000 27
6355 556500 25
6355 558000 22
6355 559500 19
6368 535500 37
6368 537000 38
6368 538500 39
6368 540000 39
6368 541500 40
6368 543000 40
6368 544500 39
6368 546000 38
6368 547500 37
6368 549000 36
6368 550500 35
6368 552000 33
6368 553500 30
6368 555000 27
6368 556500 24
6368 558000 20
6458 279000 33
6458 280500 34
6458 282000 34
6458 283500 34
6458 285000 33
6458 286500 32
6458 288000 30
6458 289500 27
6458 291000 23
6458 292500 18
6516 261000 50
6516 262500 51
6516 264000 52
6516 265500 52
6516 267000 53
6516 268500 52
6516 270000 52
6516 271500 52
6516 273000 52
6516 274500 52
6516 276000 52
6516 277500 51
6516 279000 50
6516 280500 49
6516 282000 48
6516 283500 45
6516 285000 43
6516 286500 39
6516 288000 34
6528 264000 44
6528 265500 45
6528 267000 46
6528 268500 47
6528 270000 47
6528 271500 47
6528 273000 46
6528 274500 46
6528 276000 45
6528 277500 46
6528 279000 46
6528 280500 46
6528 282000 45
6528 283500 44
6528 285000 42
6528 286500 40
6528 288000 36
6528 289500 32
6528 291000 27
6528 292500 22
6543 267000 48
6543 268500 49
6543 270000 49
6543 271500 50
6543 273000 50
6543 274500 51
6543 276000 51
6543 277500 51
6543 279000 50
6543 280500 49
6543 282000 48
6543 283500 46
6543 285000 44
6543 286500 41
6543 288000 37
6543 289500 32
6543 291000 26
6543 292500 20
6543 294000 16
6543 295500 16
6571 540000 44
6571 541500 46
6571 543000 46
6571 544500 47
6571 546000 47
6571 547500 46
6571 549000 45
6571 550500 44
6571 552000 42
6571 553500 39
6571 555000 36
6571 556500 32
6571 558000 26
6571 559500 19
6617 264000 49
6617 265500 50
6617 267000 51
6617 268500 51
6617 270000 52
6617 271500 52
6617 273000 52
6617 274500 51
6617 276000 51
6617 277500 50
6617 279000 49
6617 280500 48
6617 282000 46
6617 283500 44
6617 285000 41
6617 286500 38
6617 288000 34
6617 289500 29
6617 291000 23
6617 292500 19
6628 265500 47
6628 267000 48
6628 268500 49
6628 270000 49
6628 271500 50
6628 273000 50
6628 274500 50
6628 276000 50
6628 277500 50
6628 279000 49
6628 280500 48
6628 282000 47
6628 283500 45
6628 285000 43
6628 286500 39
6628 288000 36
6628 289500 31
6628 291000 25
6628 292500 18
6656 261000 43
6656 262500 44
6656 264000 45
6656 265500 46
6656 267000 46
6656 268500 46
6656 270000 45
6656 271500 45
6656 273000 45
6656 274500 44
6656 276000 44
6656 277500 44
6656 279000 43
6656 280500 42
6656 282000 41
6656 283500 40
6656 285000 38
6656 286500 35
6656 288000 31
6656 289500 26
6656 291000 20
6684 261000 45
6684 262500 46
6684 264000 47
6684 265500 47
6684 267000 48
6684 268500 48
6684 270000 48
6684 271500 48
6684 273000 48
6684 274500 47
6684 276000 47
6684 277500 46
6684 279000 45
6684 280500 44
6684 282000 42
6684 283500 40
6684 285000 37
6684 286500 34
6684 288000 29
6684 289500 24
6684 291000 18
6684 537000 39
6684 538500 40
6684 540000 40
6684 541500 41
6684 543000 41
6684 544500 42
6684 546000 42
6684 547500 42
6684 549000 42
6684 550500 41
6684 552000 40
6684 553500 39
6684 555000 37
6684 556500 35
6684 558000 32
6684 559500 29
6684 561000 25
6684 562500 20
6746 264000 52
6746 265500 53
6746 267000 53
6746 268500 54
6746 270000 53
6746 271500 52
6746 273000 51
6746 274500 49
6746 276000 47
6746 277500 44
6746 279000 43
6746 280500 42
6746 282000 42
6746 283500 41
6746 285000 40
6746 286500 38
6746 288000 35
6746 289500 31
6746 291000 26
6746 292500 18
6746 511500 26
6746 513000 27
6746 514500 28
6746 516000 28
6746 517500 27
6746 519000 26
6746 520500 24
6746 522000 23
6746 537000 44
6746 538500 45
6746 540000 46
6746 541500 47
6746 543000 47
6746 544500 47
6746 546000 46
6746 547500 45
6746 549000 44
6746 550500 42
6746 552000 40
6746 553500 38
6746 555000 35
6746 556500 33
6746 558000 30
6746 559500 27
6746 561000 25
6746 562500 22
6746 564000 20
6746 565500 19
6746 579000 18
6746 580500 19
6746 582000 20
6746 583500 21
6746 585000 21
6746 586500 21
6746 588000 21
6746 589500 21
6746 591000 19
6746 592500 19
6746 594000 18
6746 778500 24
6746 780000 26
6746 781500 26
6746 783000 26
6746 784500 25
6746 786000 23
6746 787500 20
6746 793500 29
6746 795000 30
6746 796500 31
6746 798000 31
6746 799500 31
6746 801000 30
6746 802500 30
6746 804000 30
6746 805500 29
6746 807000 29
6746 808500 28
6746 810000 24
6746 811500 23
6826 537000 37
6826 538500 37
6826 540000 38
6826 541500 38
6826 543000 38
6826 544500 39
6826 546000 39
6826 547500 40
6826 549000 40
6826 550500 40
6826 552000 39
6826 553500 38
6826 555000 37
6826 556500 35
6826 558000 33
6826 559500 30
6826 561000 28
6826 562500 26
6826 564000 25
6826 565500 24
6826 567000 22
6856 535500 42
6856 537000 43
6856 538500 44
6856 540000 44
6856 541500 44
6856 543000 44
6856 544500 44
6856 546000 43
6856 547500 42
6856 549000 41
6856 550500 39
6856 552000 37
6856 553500 34
6856 555000 31
6856 556500 27
6856 558000 21
6913 534000 38
6913 535500 39
6913 537000 40
6913 538500 40
6913 540000 40
6913 541500 40
6913 543000 40
6913 544500 40
6913 546000 39
6913 547500 39
6913 549000 38
6913 550500 37
6950 534000 40
6950 535500 41
6950 537000 41
6950 538500 42
6950 540000 42
6950 541500 42
6950 543000 42
6950 544500 42
6950 546000 41
6950 547500 41
6950 549000 40
6950 550500 40
6950 552000 39
6950 553500 38
6950 555000 38
6950 556500 36
6950 558000 35
6950 559500 34
6950 561000 32
6950 562500 30
6950 564000 28
6950 565500 25
6950 567000 23
6950 568500 20
6969 538500 46
6969 540000 47
6969 541500 47
6969 543000 48
6969 544500 48
6969 546000 48
6969 547500 48
6969 549000 47
6969 550500 46
6969 552000 45
6969 553500 44
6969 555000 43
6969 556500 41
6969 558000 40
6969 559500 38
6969 561000 36
6969 562500 34
6969 564000 32
6969 565500 30
6969 567000 28
6969 568500 26
6969 570000 24
6969 571500 21
6969 573000 19
6969 574500 15
7009 541500 49
7009 543000 50
7009 544500 51
7009 546000 51
7009 547500 51
7009 549000 51
7009 550500 51
7009 552000 50
7009 553500 50
7009 555000 49
7009 556500 47
7009 558000 46
7009 559500 44
7009 561000 43
7009 562500 42
7009 564000 41
7009 565500 40
7009 567000 40
7009 568500 39
7009 570000 37
7009 571500 34
7009 573000 31
7046 535500 45
7046 537000 46
7046 538500 46
7046 540000 47
7046 541500 47
7046 543000 47
7046 544500 47
7046 546000 46
7064 273000 56
7064 274500 58
7064 276000 58
7064 277500 59
7064 279000 59
7064 280500 59
7064 282000 58
7064 283500 57
7064 285000 55
7064 286500 52
7064 288000 49
7064 289500 46
7064 291000 41
7064 292500 34
7064 294000 25
7064 295500 22
7064 537000 42
7064 538500 44
7064 540000 45
7064 541500 45
7064 543000 45
7064 544500 45
7064 546000 45
7064 547500 44
7064 549000 43
7064 550500 42
7064 552000 41
7064 553500 40
7064 555000 39
7064 556500 38
7064 558000 37
7064 559500 36
7064 561000 36
7064 562500 35
7064 564000 34
7064 565500 33
7064 567000 33
7064 568500 32
7064 570000 31
7064 571500 30
7064 573000 29
7064 574500 27
7064 576000 25
7064 577500 23
7064 579000 20
7064 580500 18
7086 271500 57
7086 273000 58
7086 274500 59
7086 276000 59
7086 277500 59
7086 279000 59
7086 280500 58
7086 282000 57
7086 283500 55
7086 285000 53
7086 286500 50
7086 288000 47
7086 289500 42
7086 291000 36
7086 292500 27
7119 268500 48
7119 270000 49
7119 271500 50
7119 273000 50
7119 274500 49
7119 276000 49
7119 277500 49
7119 279000 50
7119 280500 50
7119 282000 50
7119 283500 49
7119 285000 48
7119 286500 46
7119 288000 43
7119 289500 40
7119 291000 36
7119 292500 30
7119 294000 24
7119 544500 34
7119 546000 35
7119 547500 36
7119 549000 37
7119 550500 37
7119 552000 36
7119 553500 35
7119 555000 34
7119 556500 33
7119 558000 33
7129 273000 55
7129 274500 56
7129 276000 56
7129 277500 57
7129 279000 56
7129 280500 56
7129 282000 55
7129 283500 54
7129 285000 52
7129 286500 50
7129 288000 47
7129 289500 43
7129 291000 38
7129 292500 30
7129 547500 41
7129 549000 42
7129 550500 42
7129 552000 43
7129 553500 43
7129 555000 43
7129 556500 43
7129 558000 42
7129 559500 41
7129 561000 41
7129 562500 40
7129 564000 39
7129 565500 39
7129 567000 38
7129 568500 37
7129 570000 36
7129 571500 35
7129 573000 34
7129 574500 32
7129 576000 30
7129 577500 27
7129 579000 25
7148 273000 53
7148 274500 54
7148 276000 55
7148 277500 55
7148 279000 55
7148 280500 55
7148 282000 55
7148 283500 54
7148 285000 53
7148 286500 51
7148 288000 49
7148 289500 46
7148 291000 43
7148 292500 39
7148 294000 34
7148 544500 44
7148 546000 46
7148 547500 46
7148 549000 47
7148 550500 47
7148 552000 47
7148 553500 47
7148 555000 46
7148 556500 45
7148 558000 44
7148 559500 43
7148 561000 41
7148 562500 40
7148 564000 39
7148 565500 38
7148 567000 38
7148 568500 38
7148 570000 38
7148 571500 37
7148 573000 36
7148 574500 35
7148 576000 33
7164 273000 58
7164 274500 59
7164 276000 60
7164 277500 60
7164 279000 60
7164 280500 59
7164 282000 58
7164 283500 57
7164 285000 55
7164 286500 53
7164 288000 50
7164 289500 47
7164 291000 42
7164 292500 36
7164 294000 29
7164 295500 24
7164 528000 33
7164 529500 34
7164 531000 34
7164 532500 34
7164 534000 34
7164 535500 34
7164 537000 33
7164 544500 43
7164 546000 44
7164 547500 44
7164 549000 44
7164 550500 44
7164 552000 43
7164 553500 42
7164 555000 40
7164 556500 38
7164 558000 37
7183 520500 13
7183 522000 13
7183 523500 14
7183 525000 15
7183 526500 15
7183 528000 15
7183 541500 24
7183 543000 25
7183 544500 26
7183 546000 27
7183 547500 27
7183 549000 26
7183 550500 25
7183 552000 24
7183 558000 30
7183 559500 31
7183 561000 32
7183 562500 32
7183 564000 31
7183 565500 29
7183 567000 27
7183 568500 26
7183 570000 26
7183 571500 26
7183 573000 26
7183 574500 24
7183 576000 21
7183 577500 18
7211 271500 51
7211 273000 52
7211 274500 52
7211 276000 52
7211 277500 53
7211 279000 53
7211 280500 53
7211 282000 53
7211 283500 52
7211 285000 51
7211 286500 50
7211 288000 48
7211 289500 46
7211 291000 43
7211 292500 40
7211 294000 36
7211 295500 32
7211 297000 29
7211 298500 25
7211 300000 22
7211 301500 19
7211 529500 24
7211 531000 26
7211 532500 27
7211 534000 27
7211 535500 26
7211 537000 26
7222 268500 43
7222 270000 44
7222 271500 45
7222 273000 45
7222 274500 45
7222 276000 44
7222 277500 42
7222 279000 41
7222 282000 42
7222 283500 44
7222 285000 44
7222 286500 45
7222 288000 44
7222 289500 43
7222 291000 42
7222 292500 39
7222 294000 36
7222 295500 31
7222 297000 26
7222 298500 20
7222 300000 17
7222 301500 16
7252 271500 48
7252 273000 49
7252 274500 49
7252 276000 50
7252 277500 50
7252 279000 51
7252 280500 51
7252 282000 51
7252 283500 51
7252 285000 50
7252 286500 48
7252 288000 47
7252 289500 45
7252 291000 43
7252 292500 40
7252 294000 38
7252 295500 34
7252 297000 30
7252 298500 26
7252 300000 20
7271 543000 34
7271 544500 35
7271 546000 35
7271 547500 36
7271 549000 36
7271 550500 36
7271 552000 37
7271 553500 37
7271 555000 37
7271 556500 37
7271 558000 37
7271 559500 37
7271 561000 37
7271 562500 37
7271 564000 37
7271 565500 36
7271 567000 35
7271 568500 34
7271 570000 31
7271 571500 27
7271 573000 22
7271 574500 21
7271 576000 22
7271 577500 23
7271 579000 23
7271 580500 21
7293 271500 54
7293 273000 55
7293 274500 56
7293 276000 56
7293 277500 56
7293 279000 55
7293 280500 55
7293 282000 54
7293 283500 54
7293 285000 53
7293 286500 52
7293 288000 51
7293 289500 49
7293 291000 47
7293 292500 45
7293 294000 42
7293 295500 38
7293 297000 32
7293 298500 25
7293 549000 44
7293 550500 45
7293 552000 46
7293 553500 47
7293 555000 47
7293 556500 47
7293 558000 47
7293 559500 47
7293 561000 46
7293 562500 46
7293 564000 44
7293 565500 43
7293 567000 41
7293 568500 38
7293 570000 35
7293 571500 30
7293 573000 21
7313 273000 53
7313 274500 54
7313 276000 55
7313 277500 55
7313 279000 55
7313 280500 55
7313 282000 55
7313 283500 54
7313 285000 54
7313 286500 53
7313 288000 52
7313 289500 50
7313 291000 49
7313 292500 46
7313 294000 43
7313 295500 39
7313 297000 34
7313 298500 26
7313 300000 19
7313 529500 27
7313 531000 28
7313 532500 29
7313 534000 30
7313 535500 30
7313 537000 30
7313 538500 29
7313 540000 28
7313 541500 26
7313 543000 24
7313 552000 43
7313 553500 44
7313 555000 45
7313 556500 46
7313 558000 46
7313 559500 46
7313 561000 46
7313 562500 45
7313 564000 44
7313 565500 43
7313 567000 41
7313 568500 39
7313 570000 37
7313 571500 35
7313 573000 34
7313 574500 33
7313 576000 33
7313 804000 22
7313 805500 23
7313 807000 24
7313 808500 24
7313 810000 20
7313 811500 20
7324 268500 44
7324 270000 45
7324 271500 46
7324 273000 46
7324 274500 45
7324 276000 43
7324 277500 40
7324 279000 38
7324 282000 44
7324 283500 46
7324 285000 47
7324 286500 46
7324 288000 45
7324 289500 44
7324 291000 42
7324 292500 40
7324 294000 38
7324 295500 36
7324 297000 35
7324 298500 33
7324 300000 30
7324 301500 27
7324 303000 23
7324 304500 17
7324 546000 29
7324 547500 31
7324 549000 31
7324 550500 30
7324 552000 29
7324 553500 27
7324 555000 25
7324 556500 23
7324 561000 28
7324 562500 29
7324 564000 30
7324 565500 30
7324 567000 29
7324 568500 28
7324 570000 26
7324 571500 24
7351 555000 44
7351 556500 45
7351 558000 46
7351 559500 46
7351 561000 46
7351 562500 46
7351 564000 46
7351 565500 45
7351 567000 44
7351 568500 43
7351 570000 42
7351 571500 40
7351 573000 38
7370 273000 55
7370 274500 57
7370 276000 57
7370 277500 58
7370 279000 58
7370 280500 58
7370 282000 58
7370 283500 57
7370 285000 57
7370 286500 57
7370 288000 56
7370 289500 55
7370 291000 54
7370 292500 53
7370 294000 51
7370 295500 48
7370 297000 45
7370 298500 42
7370 300000 37
7370 301500 32
7370 303000 26
7370 304500 23
7370 306000 23
7370 307500 21
7370 309000 19
7370 555000 47
7370 556500 48
7370 558000 49
7370 559500 50
7370 561000 50
7370 562500 50
7370 564000 49
7370 565500 48
7370 567000 46
7370 568500 44
7370 570000 40
7370 571500 36
7370 573000 35
7385 528000 22
7385 529500 23
7385 531000 24
7385 532500 24
7385 534000 24
7385 535500 24
7385 537000 23
7385 538500 22
7385 540000 21
7385 552000 32
7385 553500 33
7385 555000 32
7385 556500 30
7385 558000 28
7385 559500 27
7385 561000 30
7385 562500 33
7385 564000 34
7385 565500 35
7385 567000 35
7385 568500 33
7385 570000 32
7385 571500 29
7385 573000 26
7385 574500 22
7385 576000 20
7385 577500 20
7414 273000 52
7414 274500 53
7414 276000 54
7414 277500 54
7414 279000 54
7414 280500 54
7414 282000 54
7414 283500 54
7414 285000 54
7414 286500 54
7414 288000 54
7414 289500 54
7414 291000 54
7414 292500 53
7414 294000 52
7414 295500 51
7414 297000 50
7414 298500 48
7414 300000 46
7414 301500 43
7414 303000 40
7414 304500 37
7414 537000 37
7414 538500 38
7414 540000 39
7414 541500 39
7414 543000 39
7414 544500 39
7414 546000 38
7414 547500 38
7414 549000 37
7414 556500 43
7414 558000 44
7414 559500 45
7414 561000 45
7414 562500 45
7414 564000 46
7414 565500 46
7414 567000 45
7414 568500 45
7414 570000 44
7414 571500 42
7414 573000 41
7414 574500 38
7414 576000 36
7414 577500 34
7447 274500 54
7447 276000 56
7447 277500 57
7447 279000 57
7447 280500 57
7447 282000 57
7447 283500 56
7447 285000 55
7447 286500 54
7447 288000 53
7447 289500 53
7447 561000 46
7447 562500 47
7447 564000 48
7447 565500 48
7447 567000 48
7447 568500 48
7447 570000 47
7447 571500 47
7447 573000 45
7447 574500 44
7447 576000 43
7447 577500 41
7447 579000 40
7447 580500 40
7447 582000 39
7447 583500 39
7447 585000 39
7447 586500 39
7447 588000 39
7447 589500 38
7447 591000 37
7447 592500 37
7447 594000 36
7447 595500 35
7447 597000 35
7447 598500 34
7447 600000 34
7447 601500 34
7447 603000 34
7447 604500 33
7447 606000 33
7447 607500 33
7447 609000 32
7447 610500 31
7447 612000 30
7447 613500 29
7447 615000 28
7447 616500 26
7447 618000 24
7447 619500 23
7447 621000 21
7447 622500 19
7447 624000 18
7466 270000 42
7466 271500 43
7466 273000 44
7466 274500 44
7466 276000 43
7466 277500 41
7466 279000 37
7466 280500 35
7466 538500 20
7466 540000 21
7466 541500 21
7466 543000 20
7466 544500 19
7466 558000 30
7466 559500 31
7466 561000 32
7466 562500 32
7466 564000 30
7466 565500 29
7466 567000 28
7466 568500 28
7466 570000 30
7466 571500 31
7466 573000 32
7466 574500 31
7466 576000 30
7466 577500 29
7466 579000 27
7466 580500 26
7466 582000 26
7466 583500 25
7466 585000 24
7466 586500 24
7466 588000 24
7485 562500 47
7485 564000 48
7485 565500 49
7485 567000 49
7485 568500 50
7485 570000 50
7485 571500 49
7485 573000 49
7485 574500 49
7485 576000 48
7485 577500 47
7485 579000 46
7485 580500 45
7485 582000 44
7485 583500 43
7485 585000 42
7485 586500 40
7485 588000 38
7485 589500 36
7502 276000 55
7502 277500 56
7502 279000 57
7502 280500 57
7502 282000 57
7502 283500 57
7502 285000 56
7502 286500 55
7502 288000 54
7502 289500 53
7502 291000 52
7502 292500 52
7502 294000 52
7502 295500 51
7502 297000 51
7502 298500 50
7502 300000 50
7502 301500 48
7502 303000 47
7502 304500 45
7502 306000 42
7502 307500 38
7502 559500 49
7502 561000 50
7502 562500 51
7502 564000 51
7502 565500 51
7502 567000 51
7502 568500 51
7502 570000 50
7502 571500 49
7502 573000 48
7502 574500 46
7502 576000 44
7502 577500 41
7502 579000 38
7521 276000 55
7521 277500 56
7521 279000 56
7521 280500 57
7521 282000 56
7521 283500 56
7521 285000 55
7521 286500 53
7521 288000 51
7521 289500 49
7521 291000 48
7521 292500 48
7540 276000 57
7540 277500 58
7540 279000 59
7540 280500 59
7540 282000 59
7540 283500 59
7540 285000 58
7540 286500 57
7540 288000 55
7540 289500 53
7540 291000 51
7540 292500 49
7540 294000 47
7540 295500 47
7540 297000 47
7540 298500 47
7540 300000 46
7540 301500 46
7540 303000 45
7540 304500 43
7540 306000 41
7540 307500 39
7540 309000 36
7540 310500 32
7540 312000 27
7540 313500 21
7540 546000 34
7540 547500 35
7540 549000 36
7540 550500 36
7540 552000 36
7540 553500 36
7540 555000 36
7540 564000 43
7540 565500 44
7540 567000 45
7540 568500 45
7540 570000 45
7540 571500 45
7540 573000 45
7540 574500 44
7540 576000 43
7540 577500 43
7540 579000 42
7540 580500 41
7540 582000 40
7540 583500 40
7540 585000 39
7540 586500 38
7540 588000 37
7540 589500 36
7540 591000 36
7540 592500 35
7540 594000 35
7540 595500 34
7540 597000 33
7540 598500 32
7540 600000 30
7540 601500 27
7540 603000 23
7596 271500 45
7596 273000 46
7596 274500 47
7596 276000 47
7596 277500 46
7596 279000 44
7596 280500 44
7596 282000 44
7596 283500 45
7596 285000 46
7596 286500 46
7596 288000 46
7596 289500 45
7596 291000 44
7596 292500 42
7596 294000 40
7596 295500 39
7596 561000 38
7596 562500 39
7596 564000 40
7596 565500 41
7596 567000 40
7596 568500 40
7596 570000 39
7596 571500 38
7596 573000 38
7618 276000 50
7618 277500 51
7618 279000 51
7618 280500 51
7618 282000 51
7618 283500 50
7618 285000 49
7618 286500 47
7618 288000 45
7618 289500 42
7618 291000 39
7618 292500 33
7618 294000 29
7618 565500 46
7618 567000 47
7618 568500 48
7618 570000 48
7618 571500 48
7618 573000 48
7618 574500 48
7618 576000 47
7618 577500 46
7618 579000 45
7618 580500 43
7618 582000 41
7618 583500 38
7618 585000 35
7618 586500 32
7618 588000 27
7628 274500 53
7628 276000 55
7628 277500 56
7628 279000 56
7628 280500 56
7628 282000 56
7628 283500 56
7628 285000 55
7628 286500 54
7628 288000 53
7628 289500 51
7659 277500 61
7659 279000 62
7659 280500 63
7659 282000 64
7659 283500 64
7659 285000 63
7659 286500 62
7659 288000 61
7659 289500 60
7659 291000 57
7659 292500 54
7659 294000 51
7678 277500 61
7678 279000 62
7678 280500 63
7678 282000 63
7678 283500 63
7678 285000 63
7678 286500 62
7678 288000 61
7678 289500 59
7678 291000 57
7678 292500 55
7678 294000 52
7698 277500 63
7698 279000 64
7698 280500 65
7698 282000 66
7698 283500 66
7698 285000 65
7698 286500 65
7698 288000 63
7698 289500 62
7698 291000 60
7698 292500 57
7698 294000 54
7698 295500 50
7698 297000 45
7698 298500 39
7698 300000 39
7698 555000 47
7698 556500 47
7698 558000 48
7698 559500 49
7698 561000 49
7698 562500 49
7698 564000 48
7698 565500 48
7698 567000 47
7698 568500 46
7698 570000 46
7698 571500 45
7698 573000 45
7698 574500 45
7698 576000 45
7698 577500 44
7698 579000 43
7698 580500 42
7698 582000 40
7698 583500 38
7698 585000 36
7698 586500 35
7716 277500 61
7716 279000 62
7716 280500 63
7716 282000 63
7716 283500 63
7716 285000 62
7716 286500 61
7716 288000 59
7716 289500 57
7716 291000 55
7716 292500 51
7716 294000 47
7716 295500 42
7716 297000 37
7716 298500 34
7716 556500 41
7716 558000 41
7716 559500 41
7716 561000 41
7716 562500 41
7716 564000 42
7716 565500 42
7716 567000 43
7716 568500 43
7716 570000 44
7716 571500 44
7716 573000 44
7716 574500 43
7716 576000 43
7716 577500 43
7716 579000 43
7716 580500 44
7716 582000 44
7716 583500 44
7716 585000 44
7716 586500 43
7716 588000 43
7716 589500 42
7716 591000 42
7716 592500 42
7716 594000 42
7716 595500 42
7716 597000 41
7716 598500 41
7716 600000 40
7716 601500 38
7716 603000 36
7716 604500 34
7716 606000 32
7738 313500 55
7738 315000 57
7738 316500 57
7738 318000 58
7738 319500 58
7738 321000 58
7738 322500 57
7738 324000 56
7738 325500 54
7738 327000 52
7738 328500 50
7738 330000 46
7738 331500 42
7738 333000 37
7738 595500 43
7738 597000 45
7738 598500 45
7738 600000 46
7738 601500 46
7738 603000 46
7738 604500 45
7738 606000 44
7738 607500 43
7738 609000 42
7738 610500 41
7738 612000 40
7738 613500 39
7738 615000 38
7738 616500 37
7738 618000 37
7738 619500 36
7738 621000 36
7738 622500 36
7738 624000 36
7738 625500 36
7738 627000 36
7738 628500 36
7738 630000 36
7738 631500 36
7738 633000 36
7738 634500 35
7738 636000 35
7738 637500 34
7738 639000 34
7738 640500 33
7738 642000 33
7738 643500 33
7738 645000 32
7738 646500 32
7738 648000 31
7750 279000 63
7750 280500 64
7750 282000 64
7750 283500 65
7750 285000 64
7750 286500 64
7750 288000 63
7750 289500 62
7750 291000 61
7750 292500 58
7750 294000 56
7750 295500 53
7750 297000 49
7750 298500 44
7750 300000 39
7750 301500 37
7750 303000 37
7750 544500 30
7750 546000 31
7750 547500 32
7750 549000 32
7750 550500 32
7750 552000 31
7750 553500 30
7750 570000 39
7750 571500 39
7750 573000 40
7750 574500 40
7750 576000 40
7750 577500 40
7750 579000 40
7750 580500 40
7750 582000 40
7750 583500 41
7750 585000 41
7750 586500 40
7750 588000 40
7750 589500 39
7750 591000 39
7750 592500 39
7779 279000 61
7779 280500 62
7779 282000 63
7779 283500 63
7779 285000 63
7779 286500 63
7779 288000 63
7779 289500 61
7779 291000 60
7779 292500 58
7779 294000 55
7779 295500 52
7779 297000 48
7779 298500 43
7779 300000 37
7779 301500 32
7779 570000 42
7779 571500 42
7779 573000 43
7779 574500 44
7779 576000 44
7779 577500 44
7779 579000 44
7779 580500 43
7779 582000 43
7779 583500 42
7779 585000 41
7779 586500 39
7779 588000 37
7779 589500 35
7779 591000 32
7779 592500 30
7794 280500 60
7794 282000 61
7794 283500 62
7794 285000 62
7794 286500 62
7794 288000 61
7794 289500 60
7794 291000 59
7794 292500 57
7794 294000 55
7794 295500 52
7794 297000 48
7794 298500 44
7794 300000 38
7794 547500 32
7794 549000 33
7794 550500 34
7794 552000 35
7794 553500 34
7794 555000 34
7794 556500 33
7794 582000 34
7794 583500 35
7794 585000 36
7794 586500 36
7794 588000 36
7794 589500 35
7794 591000 33
7813 279000 49
7813 280500 50
7813 282000 50
7813 283500 51
7813 285000 50
7813 286500 50
7813 288000 49
7813 289500 48
7813 291000 46
7813 292500 44
7813 294000 42
7813 295500 39
7813 297000 37
7813 298500 34
7813 300000 31
7813 552000 37
7813 553500 38
7813 555000 38
7813 556500 39
7813 558000 39
7813 559500 39
7813 561000 38
7813 562500 37
7813 564000 36
7813 565500 35
7813 567000 34
7813 568500 33
7813 570000 33
7813 571500 32
7813 573000 32
7813 574500 31
7813 576000 30
7813 577500 29
7813 583500 33
7813 585000 35
7813 586500 36
7813 588000 36
7813 589500 36
7813 591000 36
7813 592500 35
7813 594000 34
7813 595500 32
7813 597000 30
7830 327000 44
7830 328500 45
7830 330000 45
7830 331500 46
7830 333000 46
7830 334500 46
7830 336000 45
7830 337500 44
7830 339000 42
7830 340500 40
7830 342000 38
7830 343500 35
7830 345000 31
7830 610500 44
7830 612000 46
7830 613500 47
7830 615000 47
7830 616500 47
7830 618000 47
7830 619500 46
7830 621000 45
7830 622500 44
7830 624000 41
7830 625500 39
7830 627000 36
7830 628500 33
7830 630000 31
7830 631500 30
7830 633000 30
7830 634500 30
7830 636000 30
7830 637500 30
7830 639000 31
7830 640500 32
7830 642000 32
7830 643500 32
7830 645000 32
7830 646500 32
7830 648000 32
7830 649500 31
7830 651000 30
7830 669000 35
7830 670500 36
7830 672000 37
7830 673500 37
7830 675000 38
7830 676500 38
7830 678000 38
7830 679500 38
7830 681000 37
7830 682500 36
7830 684000 35
7830 685500 33
7830 687000 32
7856 282000 56
7856 283500 57
7856 285000 58
7856 286500 58
7856 288000 58
7856 289500 57
7856 291000 56
7856 292500 55
7856 294000 53
7856 295500 51
7856 297000 47
7879 280500 50
7879 282000 51
7879 283500 52
7879 285000 52
7879 286500 52
7879 288000 52
7879 289500 52
7879 291000 51
7879 292500 50
7879 294000 49
7879 295500 47
7879 297000 44
7889 280500 48
7889 282000 49
7889 283500 50
7889 285000 50
7889 286500 50
7889 288000 50
7889 289500 50
7889 291000 49
7889 292500 48
7889 294000 46
7889 295500 44
7889 297000 41
7889 298500 38
7889 300000 34
7889 301500 30
7889 553500 30
7889 555000 31
7889 556500 32
7889 558000 32
7889 559500 31
7889 561000 31
7889 562500 30
7889 564000 29
7889 576000 39
7889 577500 40
7889 579000 41
7889 580500 41
7889 582000 41
7889 583500 41
7889 585000 41
7889 586500 40
7889 588000 40
7889 589500 38
7889 591000 37
7889 592500 35
7889 594000 32
7889 595500 29
7910 282000 53
7910 283500 54
7910 285000 54
7910 286500 55
7910 288000 55
7910 289500 55
7910 291000 54
7910 292500 53
7910 294000 52
7910 295500 50
7910 297000 47
7910 298500 45
7910 300000 41
7910 301500 37
7910 303000 32
7910 583500 39
7910 585000 40
7910 586500 41
7910 588000 42
7910 589500 42
7910 591000 42
7910 592500 41
7910 594000 40
7910 595500 39
7910 597000 37
7910 598500 35
7910 600000 33
7910 601500 30
7922 277500 45
7922 279000 47
7922 280500 48
7922 282000 48
7922 283500 47
7922 285000 46
7922 286500 45
7922 288000 44
7922 289500 44
7922 291000 46
7922 292500 47
7922 294000 48
7922 295500 48
7922 297000 47
7922 298500 45
7922 300000 43
7922 301500 40
7922 303000 36
7922 304500 32
7922 306000 28
7922 307500 24
7922 597000 27
7922 598500 28
7922 600000 28
7922 601500 28
7922 603000 27
7922 604500 25
7922 606000 23
7955 283500 53
7955 285000 55
7955 286500 55
7955 288000 55
7955 289500 55
7955 291000 55
7955 292500 54
7955 294000 52
7955 295500 51
7955 297000 48
7955 298500 45
7955 300000 41
7955 301500 36
7955 577500 39
7955 579000 40
7955 580500 40
7955 582000 41
7955 583500 41
7955 585000 41
7955 586500 41
7955 588000 41
7955 589500 40
7955 591000 40
7955 592500 39
7955 594000 38
7955 595500 37
7955 597000 36
7955 598500 35
7955 600000 34
7955 601500 34
7955 603000 33
7967 285000 54
7967 286500 55
7967 288000 55
7967 289500 55
7967 291000 55
7967 292500 54
7967 294000 53
7967 295500 51
7967 297000 49
7967 298500 47
7967 300000 43
7967 301500 39
7967 303000 34
7967 562500 40
7967 564000 41
7967 565500 42
7967 567000 42
7967 568500 42
7967 570000 42
7967 571500 41
7967 573000 39
7967 574500 38
7967 576000 37
7967 577500 36
7967 579000 37
7967 580500 38
7967 582000 39
7967 583500 39
7967 585000 39
7967 586500 39
7967 588000 38
7967 589500 36
7967 591000 34
7967 598500 33
7967 600000 34
7967 601500 34
7967 603000 34
7967 604500 33
7967 606000 32
7967 607500 31
7982 288000 57
7982 289500 58
7982 291000 58
7982 292500 58
7982 294000 57
7982 295500 55
7982 297000 53
8018 286500 57
8018 288000 58
8018 289500 59
8018 291000 59
8018 292500 59
8018 294000 58
8018 295500 57
8018 297000 55
8018 298500 53
8018 300000 51
8018 301500 48
8018 303000 44
8018 304500 39
8018 306000 34
8018 567000 36
8018 568500 37
8018 570000 38
8018 571500 38
8018 573000 38
8018 574500 38
8018 576000 38
8018 577500 38
8018 579000 38
8018 580500 37
8018 582000 37
8018 583500 36
8018 585000 35
8018 586500 33
8018 594000 33
8018 595500 34
8018 597000 34
8018 598500 34
8018 600000 34
8018 601500 33
8037 286500 56
8037 288000 57
8037 289500 57
8037 291000 58
8037 292500 57
8037 294000 57
8037 295500 56
8037 297000 55
8037 298500 54
8037 300000 52
8037 301500 49
8037 303000 46
8037 304500 41
8037 306000 36
8037 307500 30
8037 583500 35
8037 585000 36
8037 586500 36
8037 588000 37
8037 589500 37
8037 591000 38
8037 592500 38
8037 594000 38
8037 595500 38
8037 597000 37
8037 598500 36
8037 600000 36
8037 601500 35
8037 603000 33
8037 604500 32
8037 606000 30
8058 285000 51
8058 286500 52
8058 288000 53
8058 289500 53
8058 291000 54
8058 292500 54
8058 294000 53
8058 295500 53
8058 297000 52
8058 298500 52
8058 300000 50
8058 301500 48
8058 303000 46
8058 304500 42
8058 306000 38
8058 307500 33
8058 574500 28
8058 576000 29
8058 577500 30
8058 579000 30
8058 580500 30
8058 582000 30
8058 583500 30
8058 585000 30
8058 586500 30
8058 588000 30
8058 589500 30
8058 591000 31
8058 592500 31
8058 594000 31
8058 595500 32
8058 597000 32
8058 598500 32
8058 600000 32
8058 601500 33
8058 603000 33
8058 604500 32
8058 606000 32
8058 607500 31
8058 609000 30
8058 610500 29
8114 289500 36
8114 291000 37
8114 292500 38
8114 294000 39
8114 295500 39
8114 297000 39
8114 298500 38
8114 300000 37
8114 301500 36
8114 303000 35
8114 304500 33
8114 306000 31
8114 307500 28
8114 309000 26
8114 582000 31
8114 583500 32
8114 585000 32
8114 586500 32
8114 588000 31
8114 589500 30
8114 591000 28
8114 592500 25
8114 600000 34
8114 601500 35
8114 603000 36
8114 604500 36
8114 606000 36
8114 607500 35
8114 609000 34
8114 610500 33
8114 612000 32
8114 613500 30
8114 615000 28
8114 616500 26
8148 291000 48
8148 292500 49
8148 294000 50
8148 295500 50
8148 297000 51
8148 298500 50
8148 300000 49
8148 301500 48
8148 303000 47
8148 304500 44
8148 306000 42
8148 307500 38
8148 309000 34
8148 310500 29
8148 576000 37
8148 577500 38
8148 579000 38
8148 580500 39
8148 582000 39
8148 583500 39
8148 585000 38
8148 586500 38
8148 588000 38
8148 589500 38
8148 591000 38
8148 592500 38
8148 594000 37
8148 595500 37
8148 597000 36
8148 598500 36
8148 600000 36
8148 601500 37
8148 603000 37
8148 604500 37
8148 606000 37
8148 607500 36
8148 609000 36
8148 610500 36
8148 612000 36
8148 613500 36
8148 615000 35
8148 616500 34
8148 618000 33
8148 619500 32
8148 621000 31
8148 622500 29
8148 624000 27
8174 291000 47
8174 292500 49
8174 294000 50
8174 295500 50
8174 297000 50
8174 298500 50
8174 300000 49
8174 301500 48
8174 303000 47
8174 304500 45
8174 306000 42
8174 307500 39
8174 309000 36
8213 289500 40
8213 291000 41
8213 292500 41
8213 294000 41
8213 295500 40
8213 297000 38
8213 298500 38
8213 300000 38
8213 301500 40
8213 303000 41
8213 304500 41
8213 306000 41
8213 307500 40
8213 309000 38
8213 310500 35
8213 312000 31
8213 313500 26
8213 315000 20
8213 316500 15
8213 318000 15
8213 319500 14
8213 591000 19
8213 592500 20
8213 594000 20
8213 595500 20
8213 597000 19
8213 598500 18
8213 600000 15
8213 601500 14
8213 603000 14
8213 604500 15
8213 606000 18
8213 607500 19
8213 609000 21
8213 610500 22
8213 612000 22
8213 613500 22
8213 615000 20
8213 616500 18
8213 618000 15
8213 619500 13
8213 622500 18
8213 624000 19
8213 625500 20
8213 627000 19
8213 628500 18
8213 630000 16
8213 631500 14
8228 294000 51
8228 295500 53
8228 297000 54
8228 298500 54
8228 300000 54
8228 301500 54
8228 303000 53
8228 304500 52
8228 306000 50
8228 307500 48
8228 309000 45
8228 310500 42
8228 312000 37
8228 313500 31
8228 315000 24
8228 316500 21
8228 588000 32
8228 589500 33
8228 591000 34
8228 592500 34
8228 594000 34
8228 595500 34
8228 597000 33
8228 598500 31
8228 600000 29
8228 601500 26
8228 603000 23
8228 604500 22
8228 609000 29
8228 610500 30
8228 612000 30
8228 613500 31
8228 615000 31
8228 616500 31
8228 618000 30
8228 619500 30
8228 621000 29
8228 622500 28
8228 624000 27
8228 625500 26
8228 627000 24
8228 628500 21
8228 630000 19
8242 294000 52
8242 295500 53
8242 297000 54
8242 298500 54
8242 300000 55
8242 301500 55
8242 303000 54
8242 304500 54
8242 306000 53
8242 307500 52
8242 309000 50
8242 310500 48
8242 312000 45
8242 313500 41
8242 315000 36
8242 316500 31
8242 318000 25
8242 319500 23
8242 321000 21
8242 577500 27
8242 579000 28
8242 580500 29
8242 582000 29
8242 583500 29
8242 585000 29
8242 586500 29
8242 588000 28
8242 589500 27
8242 591000 25
8242 592500 21
8242 618000 21
8242 619500 22
8242 621000 23
8242 622500 23
8242 624000 23
8242 625500 24
8242 627000 24
8242 628500 24
8242 630000 23
8242 631500 23
8242 633000 23
8242 634500 22
8242 636000 21
8242 637500 20
8263 297000 57
8263 298500 58
8263 300000 59
8263 301500 59
8263 303000 59
8263 304500 59
8263 306000 58
8263 307500 56
8263 309000 55
8263 310500 52
8263 312000 49
8263 313500 45
8263 315000 40
8263 316500 34
8263 318000 24
8263 319500 18
8263 582000 26
8263 583500 26
8263 585000 27
8263 586500 27
8263 588000 27
8263 589500 28
8263 591000 28
8263 592500 28
8263 594000 28
8263 595500 28
8263 597000 27
8263 598500 26
8263 600000 25
8263 601500 23
8263 603000 21
8263 604500 18
8263 615000 26
8263 616500 27
8263 618000 28
8263 619500 29
8263 621000 29
8263 622500 28
8263 624000 28
8263 625500 27
8263 627000 26
8263 628500 24
8263 630000 23
8263 631500 21
8263 633000 19
8263 634500 18
8263 636000 17
8293 295500 48
8293 297000 49
8293 298500 50
8293 300000 50
8293 301500 50
8293 303000 49
8293 304500 49
8293 306000 50
8293 307500 50
8293 309000 49
8293 310500 49
8293 312000 47
8293 313500 45
8293 315000 42
8293 316500 39
8293 318000 35
8293 319500 29
8315 300000 57
8315 301500 58
8315 303000 58
8315 304500 59
8315 306000 58
8315 307500 58
8315 309000 57
8315 310500 55
8315 312000 53
8315 313500 51
8315 315000 47
8315 316500 43
8338 295500 43
8338 297000 45
8338 298500 46
8338 300000 46
8338 301500 46
8338 303000 45
8338 304500 44
8338 306000 43
8338 307500 44
8338 309000 45
8338 310500 46
8338 312000 46
8338 313500 45
8338 315000 44
8338 316500 42
8338 318000 39
8338 319500 36
8338 321000 31
8358 297000 44
8358 298500 45
8358 300000 46
8358 301500 46
8358 303000 45
8358 304500 43
8358 306000 42
8358 307500 41
8358 310500 44
8358 312000 46
8358 313500 46
8358 315000 45
8358 316500 44
8358 318000 42
8358 319500 39
8358 321000 35
8358 322500 30
8358 324000 24
8358 325500 17
8358 327000 16
8358 328500 15
8358 589500 14
8358 591000 15
8358 592500 16
8358 594000 17
8358 595500 17
8358 597000 16
8358 598500 15
8358 618000 16
8358 619500 17
8358 621000 18
8358 622500 19
8358 624000 19
8358 625500 17
8358 627000 17
8358 628500 15
8358 630000 15
8358 631500 13
8358 642000 16
8358 643500 17
8358 645000 17
8358 646500 18
8358 648000 17
8358 649500 17
8358 651000 16
8370 303000 55
8370 304500 56
8370 306000 57
8370 307500 58
8370 309000 58
8370 310500 57
8370 312000 57
8370 313500 55
8370 315000 54
8370 316500 52
8370 318000 49
8370 319500 45
8370 321000 41
8370 322500 35
8370 324000 27
8370 325500 18
8370 592500 28
8370 594000 29
8370 595500 30
8370 597000 31
8370 598500 31
8370 600000 31
8370 601500 30
8370 603000 30
8370 604500 29
8370 606000 27
8370 607500 25
8370 609000 23
8370 610500 23
8370 613500 25
8370 615000 26
8370 616500 27
8370 618000 27
8370 619500 27
8370 621000 26
8370 622500 25
8370 624000 23
8370 625500 21
8370 636000 24
8370 637500 25
8370 639000 26
8370 640500 26
8370 642000 26
8370 643500 27
8370 645000 27
8370 646500 26
8370 648000 26
8370 649500 25
8370 651000 24
8370 652500 24
8370 654000 23
8370 655500 23
8370 657000 22
8370 658500 22
8370 660000 22
8370 661500 21
8370 663000 19
8398 300000 37
8398 301500 38
8398 303000 39
8398 304500 39
8398 306000 39
8398 307500 37
8398 309000 34
8398 310500 32
8398 312000 33
8398 313500 36
8398 315000 38
8398 316500 39
8398 318000 39
8398 319500 39
8398 321000 37
8398 322500 35
8398 324000 32
8398 325500 27
8398 327000 22
8398 328500 15
8398 601500 16
8398 603000 17
8398 604500 18
8398 606000 17
8398 607500 16
8398 609000 14
8398 616500 17
8398 618000 18
8398 619500 18
8398 621000 19
8398 622500 18
8398 624000 18
8398 625500 18
8398 627000 17
8398 628500 15
8398 630000 14
8398 631500 13
8398 633000 14
8398 634500 14
8398 636000 13
8417 306000 47
8417 307500 48
8417 309000 49
8417 310500 49
8417 312000 49
8417 313500 49
8417 315000 49
8417 316500 48
8417 318000 47
8417 319500 46
8417 321000 44
8417 322500 41
8417 324000 38
8417 325500 34
8417 327000 28
8417 328500 22
8417 595500 18
8417 597000 19
8417 598500 20
8417 600000 20
8417 601500 20
8417 603000 19
8417 604500 18
8417 606000 16
8417 615000 28
8417 616500 29
8417 618000 29
8417 619500 30
8417 621000 30
8417 622500 29
8417 624000 29
8417 625500 28
8417 627000 28
8417 628500 27
8417 630000 25
8417 631500 24
8417 633000 23
8417 634500 21
8417 636000 20
8417 637500 20
8417 639000 19
8417 640500 18
8417 642000 17
8417 643500 16
8417 645000 15
8417 646500 15
8428 307500 48
8428 309000 49
8428 310500 50
8428 312000 50
8428 313500 50
8428 315000 50
8428 316500 49
8428 318000 48
8428 319500 46
8428 321000 44
8428 322500 41
8428 324000 38
8428 325500 33
8428 327000 28
8428 328500 20
8428 598500 25
8428 600000 26
8428 601500 26
8428 603000 27
8428 604500 27
8428 606000 26
8428 607500 25
8428 609000 23
8428 610500 21
8428 612000 17
8428 618000 20
8428 619500 21
8428 621000 22
8428 622500 22
8428 624000 21
8428 625500 19
8428 627000 17
8428 628500 16
8428 631500 19
8428 633000 19
8428 634500 20
8428 636000 20
8428 637500 20
8428 639000 20
8428 640500 20
8428 642000 20
8428 643500 20
8428 645000 20
8428 646500 21
8428 648000 20
8428 649500 20
8428 651000 19
8428 652500 19
8428 654000 18
8428 655500 16
8428 657000 16
8428 658500 15
8428 660000 14
8451 309000 48
8451 310500 49
8451 312000 50
8451 313500 51
8451 315000 51
8451 316500 51
8451 318000 50
8451 319500 50
8451 321000 49
8451 322500 47
8451 324000 45
8451 325500 42
8451 327000 39
8451 328500 34
8451 330000 28
8451 331500 20
8451 597000 20
8451 598500 21
8451 600000 21
8451 601500 21
8451 603000 21
8451 604500 20
8451 606000 19
8451 607500 18
8451 619500 21
8451 621000 21
8451 622500 22
8451 624000 22
8451 625500 21
8451 627000 18
8451 636000 24
8451 637500 25
8451 639000 25
8451 640500 25
8451 642000 25
8451 643500 25
8451 645000 24
8451 646500 23
8451 648000 22
8451 649500 21
8451 651000 20
8451 652500 21
8451 654000 22
8451 655500 23
8451 657000 23
8451 658500 23
8451 660000 23
8451 661500 22
8451 663000 20
8451 664500 20
8451 666000 18
8465 310500 49
8465 312000 51
8465 313500 51
8465 315000 52
8465 316500 52
8465 318000 52
8465 319500 51
8465 321000 50
8465 322500 49
8465 324000 47
8465 325500 44
8465 327000 41
8465 328500 38
8465 330000 33
8465 331500 27
8465 333000 21
8465 334500 19
8465 336000 18
8465 337500 17
8465 600000 19
8465 601500 21
8465 603000 22
8465 604500 22
8465 606000 22
8465 607500 22
8465 609000 22
8465 610500 22
8465 612000 22
8465 613500 22
8465 621000 25
8465 622500 25
8465 624000 26
8465 625500 26
8465 627000 27
8465 628500 27
8465 630000 27
8465 631500 27
8465 633000 26
8465 634500 25
8465 636000 24
8465 637500 23
8465 639000 21
8465 640500 19
8465 642000 17
8465 654000 20
8465 655500 22
8465 657000 23
8465 658500 23
8465 660000 23
8465 661500 22
8465 663000 21
8465 664500 20
8465 666000 18
8498 312000 48
8498 313500 50
8498 315000 50
8498 316500 51
8498 318000 51
8498 319500 51
8498 321000 51
8498 322500 50
8498 324000 49
8498 325500 47
8498 327000 45
8498 328500 42
8498 330000 38
8508 315000 47
8508 316500 48
8508 318000 49
8508 319500 49
8508 321000 49
8508 322500 49
8508 324000 49
8508 325500 48
8508 327000 46
8508 328500 45
8508 330000 42
8508 331500 39
8508 333000 35
8508 334500 30
8508 336000 24
8508 624000 24
8508 625500 24
8508 627000 25
8508 628500 26
8508 630000 26
8508 631500 26
8508 633000 26
8508 634500 26
8508 636000 25
8508 637500 24
8508 652500 23
8508 654000 25
8508 655500 25
8508 657000 25
8508 658500 25
8508 660000 24
8508 661500 24
8508 663000 24
8508 664500 23
8508 675000 24
8508 676500 25
8508 678000 25
8508 679500 25
8508 681000 24
8508 682500 23
8538 319500 50
8538 321000 51
8538 322500 51
8538 324000 51
8538 325500 51
8538 327000 50
8538 328500 49
8538 330000 47
8538 331500 45
8538 333000 42
8538 334500 38
8538 336000 34
8538 337500 29
8538 339000 22
8538 340500 18
8538 621000 19
8538 622500 20
8538 624000 21
8538 625500 21
8538 627000 20
8538 628500 20
8538 630000 18
8538 639000 27
8538 640500 28
8538 642000 29
8538 643500 29
8538 645000 29
8538 646500 29
8538 648000 28
8538 649500 27
8538 651000 26
8538 652500 24
8538 654000 22
8538 655500 19
8538 664500 21
8538 666000 23
8538 667500 23
8538 669000 23
8538 670500 21
8538 672000 20
8538 673500 19
8538 679500 19
8538 681000 19
8538 682500 20
8538 684000 20
8538 685500 20
8538 687000 20
8538 688500 20
8538 690000 20
8538 691500 19
8538 693000 19
8538 694500 18
8538 696000 18
8556 319500 48
8556 321000 50
8556 322500 51
8556 324000 51
8556 325500 51
8556 327000 51
8556 328500 50
8556 330000 49
8556 331500 48
8556 333000 46
8556 334500 44
8556 336000 42
8556 337500 39
8556 339000 36
8556 340500 32
8573 322500 41
8573 324000 43
8573 325500 44
8573 327000 44
8573 328500 44
8573 330000 44
8573 331500 44
8573 333000 43
8573 334500 42
8573 336000 40
8573 337500 38
8573 339000 35
8573 340500 31
8573 342000 27
8573 343500 22
8573 622500 22
8573 624000 23
8573 625500 24
8573 627000 24
8573 628500 24
8573 630000 24
8573 631500 23
8573 633000 23
8573 634500 23
8573 636000 23
8573 637500 22
8573 639000 21
8573 640500 21
8573 648000 25
8573 649500 26
8573 651000 27
8573 652500 27
8573 654000 27
8573 655500 27
8573 657000 27
8573 658500 26
8573 660000 26
8573 661500 25
8573 663000 24
8573 664500 22
8573 666000 21
8573 667500 18
8573 684000 22
8573 685500 23
8573 687000 24
8573 688500 24
8573 690000 24
8573 691500 24
8573 693000 23
8573 694500 23
8573 696000 22
8573 697500 20
8573 699000 18
8588 312000 21
8588 313500 22
8588 315000 23
8588 316500 22
8588 318000 20
8588 319500 18
8588 328500 37
8588 330000 38
8588 331500 38
8588 333000 39
8588 334500 39
8588 336000 38
8588 337500 37
8588 339000 36
8588 340500 34
8588 342000 32
8588 343500 29
8588 345000 26
8588 346500 23
8588 348000 21
8588 349500 20
8588 351000 19
8588 352500 18
8588 625500 20
8588 627000 20
8588 628500 21
8588 630000 21
8588 631500 20
8588 633000 20
8588 634500 20
8588 636000 21
8588 637500 22
8588 639000 22
8588 640500 22
8588 642000 22
8588 643500 22
8588 645000 21
8588 646500 21
8588 648000 20
8588 649500 19
8588 654000 24
8588 655500 25
8588 657000 26
8588 658500 26
8588 660000 27
8588 661500 26
8588 663000 26
8588 664500 24
8588 666000 22
8588 667500 20
8588 685500 18
8588 687000 19
8588 688500 21
8588 690000 20
8588 691500 20
8588 693000 20
8588 694500 19
8588 696000 19
8588 697500 17
8607 315000 24
8607 316500 25
8607 318000 26
8607 319500 26
8607 321000 25
8607 322500 25
8607 328500 31
8607 330000 33
8607 331500 33
8607 333000 33
8607 334500 33
8607 336000 32
8607 337500 32
8607 339000 33
8607 340500 33
8607 342000 33
8607 343500 32
8607 345000 31
8607 346500 28
8607 348000 25
8654 336000 35
8654 337500 36
8654 339000 37
8654 340500 37
8654 342000 37
8654 343500 37
8654 345000 36
8654 346500 35
8654 348000 34
8654 349500 32
8654 351000 30
8654 352500 27
8654 354000 23
8654 355500 18
8654 357000 17
8654 358500 18
8654 360000 19
8654 361500 19
8654 363000 18
8654 364500 16
8654 366000 14
8654 367500 14
8654 369000 13
8654 643500 14
8654 645000 15
8654 646500 16
8654 648000 17
8654 649500 17
8654 651000 17
8654 652500 16
8654 654000 15
8654 655500 13
8654 657000 13
8654 670500 13
8654 672000 13
8654 673500 14
8654 675000 14
8654 676500 15
8654 678000 16
8654 679500 15
8654 681000 15
8654 682500 15
8654 684000 14
8654 685500 13
8670 343500 44
8670 345000 46
8670 346500 47
8670 348000 47
8670 349500 47
8670 351000 47
8670 352500 46
8670 354000 45
8670 355500 43
8670 357000 41
8670 358500 39
8670 360000 36
8670 361500 33
8670 363000 30
8670 364500 27
8670 366000 25
8670 367500 23
8670 369000 23
8670 682500 26
8670 684000 27
8670 685500 27
8670 687000 28
8670 688500 28
8670 690000 29
8670 691500 29
8670 693000 29
8670 694500 28
8670 696000 28
8670 697500 27
8670 699000 26
8670 700500 26
8670 702000 25
8670 703500 24
8670 705000 23
8670 706500 23
8670 708000 22
8692 334500 25
8692 336000 28
8692 337500 28
8692 339000 28
8692 340500 26
8692 342000 22
8692 343500 21
8692 348000 33
8692 349500 35
8692 351000 36
8692 352500 36
8692 354000 36
8692 355500 36
8692 357000 35
8692 358500 35
8692 360000 33
8692 361500 32
8692 363000 29
8692 364500 27
8692 366000 23
8692 700500 21
8692 702000 23
8692 703500 23
8692 705000 23
8692 706500 23
8692 708000 20
8710 333000 24
8710 334500 25
8710 336000 27
8710 337500 27
8710 339000 26
8710 340500 24
8710 342000 23
8710 352500 41
8710 354000 42
8710 355500 43
8710 357000 43
8710 358500 44
8710 360000 43
8710 361500 43
8710 363000 42
8710 364500 41
8710 366000 39
8710 367500 37
8710 369000 35
8710 370500 32
8710 372000 27
8710 373500 22
8710 712500 21
8710 714000 22
8710 715500 23
8710 717000 23
8710 718500 22
8710 720000 21
8710 721500 19
8742 363000 23
8742 364500 23
8742 366000 23
8742 367500 24
8742 369000 24
8742 370500 25
8742 372000 25
8742 373500 25
8742 375000 25
8742 376500 25
8742 378000 25
8742 379500 25
8742 381000 24
8742 382500 23
8742 384000 22
8742 385500 19
8742 387000 17
8742 388500 15
8778 369000 32
8778 370500 33
8778 372000 34
8778 373500 34
8778 375000 35
8778 376500 34
8778 378000 34
8778 379500 34
8778 381000 33
8778 382500 33
8778 384000 32
8778 385500 31
8778 387000 31
8778 388500 31
8778 390000 30
8778 408000 34
8778 409500 35
8778 411000 36
8778 412500 37
8778 414000 37
8778 415500 37
8778 417000 36
8778 418500 36
8778 420000 35
8778 421500 33
8778 423000 32
8778 424500 30
8778 426000 29
8778 427500 29
8778 429000 29
8778 430500 29
8778 432000 29
8778 433500 28
8778 435000 27
8778 436500 26
8778 438000 25
8778 439500 23
8778 441000 21
8778 442500 20
8778 444000 19
8778 445500 17
8778 447000 16
8778 457500 19
8778 459000 19
8778 460500 20
8778 462000 19
8778 463500 20
8778 465000 18
8778 466500 17
8795 358500 20
8795 360000 21
8795 361500 21
8795 363000 22
8795 364500 22
8795 366000 21
8795 391500 30
8795 393000 30
8795 394500 31
8795 396000 31
8795 397500 32
8795 399000 33
8795 400500 33
8795 402000 33
8795 403500 33
8795 405000 33
8795 406500 32
8795 408000 31
8795 409500 30
8795 411000 29
8795 412500 27
8795 414000 26
8795 415500 25
8795 417000 24
8795 418500 23
8795 420000 22
8795 421500 21
8795 423000 20
8795 424500 19
8795 426000 16
8795 457500 20
8795 459000 21
8795 460500 21
8795 462000 21
8795 463500 22
8795 465000 22
8795 466500 22
8795 468000 22
8795 469500 21
8795 471000 21
8795 472500 20
8795 474000 19
8795 475500 18
8795 477000 17
8795 478500 15
8810 367500 20
8810 369000 21
8810 370500 22
8810 372000 22
8810 373500 23
8810 375000 23
8810 376500 22
8810 378000 22
8810 411000 36
8810 412500 37
8810 414000 38
8810 415500 38
8810 417000 38
8810 418500 38
8810 420000 39
8810 421500 38
8810 423000 38
8810 424500 38
8810 426000 38
8810 427500 37
8810 429000 37
8810 430500 36
8810 432000 35
8810 433500 35
8810 435000 34
8810 436500 34
8810 438000 33
8810 439500 32
8810 441000 31
8810 442500 30
8810 444000 27
8810 445500 24
8810 447000 21
8810 448500 19
8810 450000 19
8810 451500 21
8810 453000 21
8810 454500 21
8810 456000 21
8810 457500 20
8810 459000 19
8810 460500 18
8810 462000 17
8810 463500 16
8837 379500 25
8837 381000 26
8837 382500 27
8837 384000 28
8837 385500 28
8837 387000 28
8837 388500 27
8837 390000 27
8837 391500 26
8837 393000 26
8837 394500 25
8837 396000 24
8837 397500 24
8837 399000 23
8837 400500 22
8837 402000 22
8837 403500 21
8837 405000 21
8837 421500 19
8837 423000 20
8837 424500 20
8837 426000 20
8837 427500 21
8837 429000 21
8837 438000 24
8837 439500 25
8837 441000 26
8837 442500 26
8837 444000 27
8837 445500 27
8837 447000 27
8837 448500 27
8837 456000 28
8837 457500 29
8837 459000 30
8837 460500 30
8837 462000 30
8837 463500 31
8837 465000 31
8837 466500 31
8837 468000 31
8837 469500 31
8837 471000 30
8837 472500 30
8837 474000 30
8837 475500 29
8837 477000 28
8837 478500 28
8837 480000 27
8837 481500 26
8837 483000 25
8837 484500 24
8837 486000 23
8837 487500 22
8837 489000 21
8837 490500 21
8837 492000 20
8837 493500 20
8837 495000 20
8837 496500 20
8837 498000 20
8837 499500 19
8837 501000 19
8837 502500 18
8847 390000 19
8847 391500 20
8847 393000 21
8847 394500 21
8847 396000 21
8847 397500 21
8847 399000 21
8847 400500 20
8847 402000 19
8847 403500 19
8847 405000 18
8847 406500 18
8847 408000 17
8847 409500 17
8847 411000 16
8847 483000 22
8847 484500 22
8847 486000 23
8847 487500 23
8847 489000 24
8847 490500 24
8847 492000 24
8847 493500 24
8847 495000 24
8847 496500 23
8847 498000 22
8847 499500 21
8847 501000 19
8847 502500 17
8847 504000 16
9173 727500 14
9173 729000 15
9173 730500 16
9173 732000 15
9173 733500 15
9173 735000 15
9173 736500 14
9193 697500 11
9193 699000 11
9193 700500 12
9193 702000 12
9193 703500 11
9193 705000 12
9256 699000 13
9256 700500 14
9256 702000 15
9256 703500 15
9256 705000 15
9256 706500 15
9256 708000 14
9256 709500 15
9256 711000 13
9331 705000 12
9331 706500 13
9331 708000 14
9331 709500 14
9331 711000 14
9331 712500 14
9331 714000 13
9490 778500 16
9490 780000 16
9490 781500 17
9490 783000 17
9490 784500 17
9490 786000 17
9490 787500 16
9490 789000 16
9591 759000 21
9591 760500 22
9591 762000 22
9591 763500 22
9591 765000 22
9591 766500 22
9591 768000 21
9717 738000 18
9717 739500 19
9717 741000 19
9717 742500 20
9717 744000 20
9717 745500 20
9717 747000 19
9717 748500 18
9717 750000 16
9717 781500 17
9717 783000 18
9717 784500 18
9717 786000 18
9717 787500 18
9717 789000 18
9717 790500 18
9717 792000 17
9717 793500 17
9717 795000 16
9848 790500 17
9848 792000 17
9848 793500 18
9848 795000 19
9848 796500 19
9848 798000 19
9848 799500 18
9848 801000 17
9848 802500 16
9912 795000 20
9912 796500 21
9912 798000 22
9912 799500 22
9912 801000 23
9912 802500 23
9912 804000 22
9912 805500 22
9912 807000 22
9912 808500 21
9971 748500 15
9971 750000 15
9971 751500 16
9971 753000 16
9971 754500 17
9971 756000 17
9971 757500 17
9971 759000 17
9971 760500 16
9971 762000 16
9971 763500 16
9971 765000 16
9971 766500 14
9971 768000 13
10037 762000 12
10037 763500 14
10037 765000 14
10037 766500 14
10037 768000 15
10037 769500 14
10037 771000 14
10037 772500 13
10037 774000 12
10106 124500 32
10106 126000 32
10106 127500 34
10106 129000 33
10106 130500 31
10106 132000 31
10106 133500 32
10106 135000 33
10106 136500 34
10106 138000 34
10106 139500 33
10106 141000 31
10106 142500 30
10106 144000 29
10106 145500 31
10106 147000 33
10106 148500 33
10106 150000 33
10106 151500 32
10106 153000 30
10106 154500 29
10170 723000 16
10170 724500 16
10170 726000 17
10170 727500 17
10170 729000 17
10170 730500 17
10170 732000 17
10170 733500 16
10170 735000 15
10170 774000 15
10170 775500 16
10170 777000 17
10170 778500 18
10170 780000 18
10170 781500 17
10170 783000 17
10170 784500 16
10230 793500 18
10230 795000 19
10230 796500 19
10230 798000 20
10230 799500 20
10230 801000 20
10230 802500 19
10230 804000 18
10248 771000 22
10248 772500 22
10248 774000 22
10248 775500 22
10248 777000 22
10248 778500 21
10292 765000 17
10292 766500 18
10292 768000 18
10292 769500 19
10292 771000 20
10292 772500 19
10292 774000 19
10292 775500 18
10292 777000 17
10292 778500 15
10292 783000 15
10292 784500 16
10292 786000 16
10292 787500 17
10292 789000 17
10292 790500 16
10292 792000 16
10292 793500 15
10292 804000 17
10292 805500 19
10292 807000 20
10292 808500 20
10292 810000 19
10292 811500 18
10358 373500 22
10358 375000 24
10358 376500 24
10358 378000 25
10358 379500 25
10358 381000 25
10358 382500 25
10358 384000 24
10358 385500 23
10358 387000 21
10415 789000 14
10415 790500 14
10415 792000 14
10415 793500 14
10415 795000 15
10415 796500 14
10415 798000 14
11318 657000 18
11318 658500 19
11318 660000 20
11318 661500 20
11318 663000 20
11318 664500 21
11318 666000 20
11318 667500 19
11318 669000 18
11318 670500 17
11877 613500 18
11877 615000 18
11877 616500 19
11877 618000 19
11877 619500 20
11877 621000 20
11877 622500 20
11877 624000 20
11877 625500 20
11877 627000 21
11877 628500 20
11877 630000 20
11877 631500 20
11877 633000 20
11877 634500 19
11877 636000 18
11877 637500 17
