2412 187500
2412 189000
2412 190500
2412 192000
2412 193500
2412 195000
2412 196500
2412 198000
2412 199500
2412 201000
3387 127500
3387 129000
3387 130500
3387 132000
3387 133500
3387 135000
3387 136500
3411 127500
3411 129000
3411 130500
3411 132000
3411 133500
3411 135000
3411 136500
3411 138000
3495 124500
3495 126000
3495 127500
3495 129000
3495 130500
3495 132000
3495 133500
3495 135000
3495 136500
3495 138000
3537 124500
3537 126000
3537 127500
3537 129000
3537 130500
3537 132000
3537 133500
3537 135000
3537 136500
3537 138000
3537 139500
3537 141000
3537 142500
3537 144000
3574 124500
3574 126000
3574 127500
3574 129000
3574 130500
3574 132000
3574 133500
3574 135000
3574 136500
3595 124500
3595 126000
3595 127500
3595 129000
3595 130500
3595 132000
3595 133500
3595 135000
3595 136500
3595 138000
3595 139500
3595 141000
3613 127500
3613 129000
3613 130500
3613 132000
3613 133500
3613 135000
3613 136500
3675 127500
3675 129000
3675 130500
3675 132000
3675 133500
3675 135000
3675 136500
3675 138000
3675 139500
3675 141000
3675 142500
3675 144000
3675 145500
3694 127500
3694 129000
3694 130500
3694 132000
3694 133500
3694 135000
3694 136500
3694 138000
3694 139500
3694 141000
3715 127500
3715 129000
3715 130500
3715 132000
3715 133500
3715 135000
3715 136500
3715 138000
3715 139500
3715 141000
3715 142500
3715 144000
3715 145500
3715 147000
3715 148500
3726 133500
3726 135000
3726 136500
3726 138000
3726 139500
3726 141000
3726 142500
3726 144000
3726 145500
3726 147000
3726 148500
3745 129000
3745 130500
3745 132000
3745 133500
3745 135000
3745 136500
3745 138000
3745 139500
3745 141000
3745 142500
3745 144000
3745 145500
3773 231000
3773 232500
3773 234000
3773 235500
3773 237000
3773 238500
3773 240000
3773 241500
3773 243000
3773 244500
3773 246000
3773 247500
3773 249000
3773 250500
3773 252000
3773 253500
3801 139500
3801 141000
3801 142500
3801 144000
3801 145500
3801 147000
3801 148500
3801 150000
3801 151500
3801 153000
3801 154500
3801 156000
3801 157500
3801 159000
3890 127500
3890 129000
3890 130500
3890 132000
3890 133500
3890 135000
3890 136500
3890 138000
3890 139500
3890 141000
3890 142500
3890 144000
3948 223500
3948 225000
3948 226500
3948 228000
3948 229500
3961 234000
3961 235500
3961 237000
3961 238500
3961 240000
3961 241500
4027 219000
4027 220500
4027 222000
4027 223500
4027 225000
4027 226500
4064 222000
4064 223500
4064 225000
4064 226500
4064 228000
4083 223500
4083 225000
4083 226500
4083 228000
4083 229500
4083 231000
4083 232500
4083 234000
4083 235500
4083 237000
4083 238500
4083 240000
4110 237000
4110 238500
4110 240000
4110 241500
4110 243000
4110 244500
4110 253500
4110 255000
4110 256500
4110 258000
4110 259500
4110 261000
4110 262500
4110 264000
4110 265500
4110 267000
4110 268500
4110 270000
4110 271500
4110 273000
4110 274500
4110 472500
4110 474000
4110 475500
4110 477000
4110 478500
4110 480000
4110 481500
4110 483000
4110 484500
4110 486000
4110 487500
4110 489000
4110 490500
4110 492000
4110 493500
4110 495000
4110 496500
4110 498000
4110 511500
4110 513000
4110 514500
4110 516000
4110 517500
4110 519000
4110 520500
4110 522000
4110 523500
4110 525000
4110 526500
4110 528000
4110 529500
4110 531000
4110 733500
4110 735000
4110 736500
4110 738000
4110 739500
4110 741000
4110 742500
4110 744000
4215 225000
4215 226500
4215 228000
4215 229500
4215 231000
4215 232500
4215 234000
4215 235500
4215 237000
4215 238500
4236 223500
4236 225000
4236 226500
4236 228000
4236 229500
4236 231000
4236 232500
4277 222000
4277 223500
4277 225000
4277 226500
4277 228000
4277 229500
4318 228000
4318 229500
4318 231000
4318 232500
4318 234000
4318 235500
4359 243000
4359 244500
4359 246000
4359 247500
4359 249000
4359 250500
4359 252000
4359 253500
4359 255000
4359 256500
4359 258000
4359 259500
4359 261000
4359 262500
4359 264000
4359 265500
4359 267000
4359 268500
4359 270000
4359 495000
4359 496500
4359 498000
4359 499500
4359 501000
4359 502500
4359 504000
4359 510000
4359 511500
4359 513000
4359 514500
4359 516000
4359 517500
4359 519000
4419 240000
4419 241500
4419 243000
4419 244500
4419 246000
4419 247500
4419 249000
4419 250500
4419 252000
4419 253500
4419 255000
4419 256500
4419 258000
4419 259500
4419 261000
4419 262500
4419 264000
4419 265500
4419 267000
4465 238500
4465 240000
4465 241500
4465 243000
4465 244500
4465 246000
4465 247500
4465 249000
4465 253500
4465 255000
4465 256500
4465 258000
4465 259500
4465 261000
4465 262500
4465 264000
4465 265500
4465 267000
4465 268500
4465 489000
4465 490500
4465 492000
4465 493500
4465 495000
4465 496500
4465 498000
4465 499500
4465 501000
4465 502500
4465 504000
4465 505500
4465 507000
4465 508500
4465 510000
4465 511500
4465 513000
4578 264000
4578 265500
4578 267000
4578 268500
4578 270000
4578 271500
4578 273000
4578 274500
4578 276000
4578 277500
4588 267000
4588 268500
4588 270000
4588 271500
4588 273000
4588 274500
4588 276000
4588 277500
4641 270000
4641 271500
4641 273000
4641 274500
4641 276000
4641 277500
4641 279000
4641 280500
4641 282000
4641 283500
4641 285000
4641 286500
4676 271500
4676 273000
4676 274500
4676 276000
4676 277500
4676 279000
4676 280500
4676 282000
4676 283500
4676 285000
4676 286500
4676 288000
4692 277500
4692 279000
4692 280500
4692 282000
4692 283500
4692 285000
4692 286500
4692 288000
4692 289500
4753 270000
4753 271500
4753 273000
4753 274500
4753 276000
4753 277500
4753 279000
4753 280500
4753 282000
4753 283500
4753 285000
4753 286500
4753 288000
4753 289500
4753 291000
4764 273000
4764 274500
4764 276000
4764 277500
4764 279000
4764 280500
4764 282000
4764 283500
4764 285000
4764 286500
4764 288000
4764 289500
4764 291000
4764 292500
4799 271500
4799 273000
4799 274500
4799 276000
4799 277500
4799 279000
4799 280500
4799 282000
4799 283500
4799 285000
4799 286500
4799 288000
4799 289500
4799 291000
4851 273000
4851 274500
4851 276000
4851 277500
4851 279000
4851 280500
4851 282000
4851 283500
4851 285000
4851 286500
4851 288000
4851 289500
4863 273000
4863 274500
4863 276000
4863 277500
4863 279000
4863 280500
4863 282000
4863 283500
4863 285000
4863 286500
4863 288000
4863 289500
4893 262500
4893 264000
4893 265500
4893 267000
4893 268500
4893 270000
4893 271500
4893 273000
4893 280500
4893 282000
4893 283500
4893 285000
4893 286500
4893 288000
4893 289500
4916 271500
4916 273000
4916 274500
4916 276000
4916 277500
4916 279000
4916 280500
4916 282000
4916 283500
4916 285000
4916 286500
4916 288000
4916 289500
4916 291000
4926 234000
4926 235500
4926 237000
4926 238500
4926 240000
4926 241500
4926 243000
4926 244500
4926 246000
4926 247500
4926 249000
4926 250500
4926 252000
4926 253500
4926 255000
4926 256500
4926 258000
4926 259500
4926 261000
4926 469500
4926 471000
4926 472500
4926 474000
4926 475500
4926 477000
4926 478500
4926 480000
4926 481500
4926 483000
4926 484500
4926 486000
4926 487500
4926 489000
4926 490500
4926 492000
4926 493500
4926 495000
4926 496500
4926 498000
4926 499500
4926 708000
4926 709500
4926 711000
4926 712500
4926 714000
4926 715500
4926 717000
4926 718500
4926 720000
4926 721500
4926 723000
4926 724500
4926 726000
4926 727500
4926 729000
4926 730500
4926 732000
4926 733500
4926 735000
4926 736500
4926 738000
4956 271500
4956 273000
4956 274500
4956 276000
4956 277500
4956 279000
4956 280500
4956 282000
4956 283500
4956 285000
4956 286500
4956 288000
4956 289500
4967 270000
4967 271500
4967 273000
4967 274500
4967 276000
4967 277500
4967 279000
4967 280500
4967 282000
4967 283500
4967 285000
4967 286500
4967 288000
4967 289500
5016 268500
5016 270000
5016 271500
5016 273000
5016 274500
5016 276000
5016 277500
5016 279000
5016 280500
5016 282000
5016 283500
5016 285000
5016 286500
5016 288000
5016 289500
5031 268500
5031 270000
5031 271500
5031 273000
5031 274500
5031 276000
5031 277500
5031 279000
5031 280500
5031 282000
5031 283500
5031 285000
5031 286500
5031 288000
5044 267000
5044 268500
5044 270000
5044 271500
5044 273000
5044 274500
5044 276000
5044 277500
5044 279000
5044 280500
5044 282000
5044 283500
5044 285000
5044 286500
5044 288000
5044 289500
5044 291000
5064 268500
5064 270000
5064 271500
5064 273000
5064 274500
5064 276000
5064 277500
5064 279000
5064 280500
5064 282000
5064 283500
5064 285000
5064 286500
5064 288000
5098 267000
5098 268500
5098 270000
5098 271500
5098 273000
5098 274500
5098 276000
5098 277500
5098 279000
5098 280500
5098 282000
5098 283500
5098 285000
5117 268500
5117 270000
5117 271500
5117 273000
5117 274500
5117 276000
5117 277500
5117 279000
5117 280500
5117 282000
5117 283500
5117 285000
5117 286500
5117 288000
5139 267000
5139 268500
5139 270000
5139 271500
5139 273000
5139 274500
5139 276000
5139 277500
5139 279000
5139 280500
5139 282000
5139 283500
5222 268500
5222 270000
5222 271500
5222 273000
5222 274500
5222 276000
5222 277500
5222 279000
5222 280500
5222 282000
5278 235500
5278 237000
5278 238500
5278 240000
5278 241500
5278 243000
5278 244500
5278 246000
5278 247500
5278 249000
5278 465000
5278 466500
5278 468000
5278 469500
5278 471000
5278 472500
5278 474000
5278 475500
5278 477000
5278 478500
5278 480000
5278 481500
5278 483000
5278 484500
5278 486000
5278 487500
5313 261000
5313 262500
5313 264000
5313 265500
5313 267000
5313 268500
5313 270000
5313 271500
5313 273000
5313 274500
5313 276000
5313 277500
5313 279000
5352 262500
5352 264000
5352 265500
5352 267000
5352 268500
5352 270000
5352 271500
5352 273000
5352 274500
5352 276000
5352 277500
5352 279000
5352 280500
5352 519000
5352 520500
5352 522000
5352 523500
5352 525000
5352 526500
5352 528000
5352 529500
5352 531000
5352 532500
5352 534000
5352 535500
5352 537000
5352 538500
5352 540000
5421 261000
5421 262500
5421 264000
5421 265500
5421 267000
5421 268500
5421 270000
5421 271500
5421 273000
5421 274500
5421 276000
5421 277500
5421 279000
5421 523500
5421 525000
5421 526500
5421 528000
5421 529500
5421 531000
5421 532500
5421 534000
5421 535500
5421 537000
5421 538500
5477 259500
5477 261000
5477 262500
5477 264000
5477 265500
5477 267000
5477 268500
5477 270000
5477 271500
5477 273000
5477 274500
5477 276000
5477 277500
5477 279000
5477 519000
5477 520500
5477 522000
5477 523500
5477 525000
5477 526500
5477 528000
5477 529500
5477 531000
5477 532500
5491 258000
5491 259500
5491 261000
5491 262500
5491 264000
5491 265500
5491 267000
5491 268500
5491 270000
5491 271500
5491 273000
5491 274500
5491 276000
5491 277500
5491 279000
5491 513000
5491 514500
5491 516000
5491 517500
5491 519000
5491 520500
5491 522000
5491 523500
5491 525000
5491 526500
5491 528000
5491 529500
5491 531000
5491 532500
5491 534000
5491 535500
5511 259500
5511 261000
5511 262500
5511 264000
5511 265500
5511 267000
5511 268500
5511 270000
5511 271500
5511 273000
5511 274500
5511 276000
5511 277500
5511 279000
5511 280500
5511 517500
5511 519000
5511 520500
5511 522000
5511 523500
5511 525000
5511 526500
5511 528000
5538 256500
5538 258000
5538 259500
5538 261000
5538 262500
5538 264000
5538 265500
5538 267000
5538 268500
5538 270000
5538 271500
5538 273000
5538 274500
5538 276000
5538 514500
5538 516000
5538 517500
5538 519000
5538 520500
5538 522000
5538 523500
5538 525000
5538 526500
5538 528000
5538 529500
5538 531000
5538 532500
5538 534000
5538 535500
5538 537000
5559 256500
5559 258000
5559 259500
5559 261000
5559 262500
5559 264000
5559 265500
5559 267000
5559 268500
5559 270000
5559 271500
5559 273000
5559 274500
5559 276000
5559 277500
5559 279000
5559 280500
5559 517500
5559 519000
5559 520500
5559 522000
5559 523500
5559 525000
5559 526500
5559 528000
5559 529500
5559 531000
5559 532500
5559 534000
5559 535500
5559 537000
5575 267000
5575 268500
5575 270000
5575 271500
5575 273000
5575 274500
5575 276000
5575 277500
5575 279000
5575 280500
5575 513000
5575 514500
5575 516000
5575 517500
5575 519000
5575 520500
5575 522000
5575 523500
5575 525000
5575 526500
5575 528000
5575 529500
5575 531000
5575 532500
5575 534000
5575 535500
5575 537000
5593 513000
5593 514500
5593 516000
5593 517500
5593 519000
5593 520500
5593 522000
5593 523500
5593 525000
5593 526500
5593 528000
5593 529500
5593 531000
5593 532500
5593 534000
5593 535500
5593 537000
5611 256500
5611 258000
5611 259500
5611 261000
5611 262500
5611 264000
5611 265500
5611 267000
5611 268500
5611 270000
5611 271500
5611 273000
5611 274500
5611 276000
5611 516000
5611 517500
5611 519000
5611 520500
5611 522000
5611 523500
5611 525000
5611 526500
5611 528000
5611 529500
5611 531000
5611 532500
5611 534000
5627 235500
5627 237000
5627 238500
5627 240000
5627 241500
5627 243000
5627 244500
5627 246000
5627 247500
5627 249000
5627 250500
5627 252000
5627 253500
5627 255000
5627 469500
5627 471000
5627 472500
5627 474000
5627 475500
5627 477000
5627 478500
5627 480000
5627 481500
5627 483000
5627 484500
5627 486000
5627 487500
5656 513000
5656 514500
5656 516000
5656 517500
5656 519000
5656 520500
5656 522000
5656 523500
5656 525000
5656 526500
5656 528000
5656 529500
5656 531000
5656 532500
5656 534000
5656 535500
5674 258000
5674 259500
5674 261000
5674 262500
5674 264000
5674 265500
5674 267000
5674 268500
5674 270000
5674 271500
5674 273000
5674 274500
5674 276000
5674 514500
5674 516000
5674 517500
5674 519000
5674 520500
5674 522000
5674 523500
5674 525000
5674 526500
5674 528000
5674 529500
5674 531000
5674 532500
5674 534000
5687 258000
5687 259500
5687 261000
5687 262500
5687 264000
5687 265500
5687 267000
5687 268500
5687 270000
5687 271500
5687 273000
5687 274500
5687 276000
5687 277500
5687 279000
5705 232500
5705 234000
5705 235500
5705 237000
5705 238500
5705 240000
5705 241500
5705 243000
5705 244500
5705 246000
5705 247500
5705 249000
5705 250500
5705 252000
5705 253500
5705 255000
5705 256500
5705 258000
5705 259500
5705 261000
5705 262500
5705 264000
5705 265500
5705 267000
5705 268500
5705 270000
5705 271500
5705 273000
5705 274500
5705 508500
5705 510000
5705 511500
5705 513000
5705 514500
5705 516000
5705 517500
5705 519000
5705 520500
5705 522000
5705 523500
5705 525000
5705 526500
5705 528000
5705 529500
5724 237000
5724 238500
5724 240000
5724 241500
5724 243000
5724 244500
5724 246000
5724 247500
5724 249000
5724 250500
5724 252000
5759 253500
5759 255000
5759 256500
5759 258000
5759 259500
5759 261000
5759 262500
5759 264000
5759 265500
5759 267000
5759 268500
5759 270000
5759 271500
5759 273000
5759 274500
5759 513000
5759 514500
5759 516000
5759 517500
5759 519000
5759 520500
5759 522000
5759 523500
5759 525000
5759 526500
5759 528000
5759 529500
5759 756000
5759 757500
5759 759000
5759 760500
5759 762000
5759 763500
5759 765000
5759 766500
5759 768000
5776 253500
5776 255000
5776 256500
5776 258000
5776 259500
5776 261000
5776 262500
5776 264000
5776 265500
5776 267000
5776 268500
5776 270000
5776 271500
5776 273000
5776 274500
5776 510000
5776 511500
5776 513000
5776 514500
5776 516000
5776 517500
5776 519000
5776 520500
5776 522000
5776 523500
5776 525000
5776 526500
5776 528000
5776 529500
5776 531000
5776 766500
5776 768000
5776 769500
5776 771000
5776 772500
5776 774000
5776 775500
5776 777000
5776 778500
5776 780000
5786 255000
5786 256500
5786 258000
5786 259500
5786 261000
5786 262500
5786 264000
5786 265500
5786 267000
5786 268500
5786 270000
5786 271500
5786 273000
5786 274500
5786 502500
5786 504000
5786 505500
5786 507000
5786 508500
5786 510000
5786 511500
5786 513000
5786 514500
5786 516000
5786 517500
5786 519000
5786 520500
5786 522000
5786 523500
5786 525000
5786 526500
5786 528000
5786 529500
5816 259500
5816 261000
5816 262500
5816 264000
5816 265500
5816 267000
5816 268500
5816 270000
5816 271500
5816 273000
5816 274500
5816 501000
5816 502500
5816 504000
5816 505500
5816 507000
5816 508500
5816 510000
5816 511500
5816 513000
5816 514500
5816 516000
5816 517500
5816 519000
5816 520500
5816 522000
5816 523500
5816 525000
5816 526500
5816 528000
5816 529500
5816 531000
5816 754500
5816 756000
5816 757500
5816 759000
5816 760500
5816 762000
5816 763500
5816 765000
5816 766500
5816 768000
5816 769500
5816 771000
5835 501000
5835 502500
5835 504000
5835 505500
5835 507000
5835 508500
5835 510000
5835 511500
5835 513000
5835 514500
5835 516000
5835 517500
5835 519000
5835 520500
5835 522000
5835 523500
5835 525000
5835 526500
5835 528000
5835 529500
5858 256500
5858 258000
5858 259500
5858 261000
5858 262500
5858 264000
5858 265500
5858 267000
5858 268500
5858 270000
5858 271500
5858 508500
5858 510000
5858 511500
5858 513000
5858 514500
5858 516000
5858 517500
5858 519000
5858 520500
5858 522000
5858 523500
5858 525000
5858 526500
5896 261000
5896 262500
5896 264000
5896 265500
5896 267000
5896 268500
5896 270000
5896 271500
5896 504000
5896 505500
5896 507000
5896 508500
5896 510000
5896 511500
5896 513000
5896 514500
5896 516000
5896 517500
5896 519000
5896 520500
5896 522000
5896 523500
5896 525000
5896 526500
5896 757500
5896 759000
5896 760500
5896 762000
5896 763500
5896 765000
5896 766500
5896 768000
5896 769500
5896 771000
5896 772500
5896 774000
5896 775500
5896 777000
5896 778500
5916 501000
5916 502500
5916 504000
5916 505500
5916 507000
5916 508500
5916 510000
5916 511500
5916 513000
5916 514500
5916 516000
5916 517500
5916 519000
5916 520500
5916 522000
5916 523500
5916 525000
5916 526500
5937 499500
5937 501000
5937 502500
5937 504000
5937 505500
5937 507000
5937 508500
5937 510000
5937 511500
5937 513000
5937 514500
5937 516000
5937 517500
5937 519000
5937 520500
5937 522000
5937 523500
5937 762000
5937 763500
5937 765000
5937 766500
5937 768000
5937 769500
5959 498000
5959 499500
5959 501000
5959 502500
5959 504000
5959 505500
5959 507000
5959 508500
5959 510000
5959 514500
5959 516000
5959 517500
5959 519000
5959 520500
5959 522000
5959 523500
5959 525000
5959 526500
5972 501000
5972 502500
5972 504000
5972 505500
5972 507000
5972 508500
5972 510000
5972 511500
5972 513000
5972 514500
5972 516000
5972 517500
5972 519000
5972 520500
5972 522000
5972 523500
5972 742500
5972 744000
5972 745500
5972 747000
5972 748500
5972 750000
5972 751500
5972 753000
5972 754500
5972 756000
5972 757500
5972 759000
5972 760500
5972 762000
5972 763500
5972 765000
5972 766500
5972 768000
5972 769500
5988 499500
5988 501000
5988 502500
5988 504000
5988 505500
5988 507000
5988 508500
5988 510000
5988 511500
5988 513000
5988 514500
5988 516000
5988 517500
5988 519000
5988 520500
5988 522000
5988 523500
5988 754500
5988 756000
5988 757500
5988 759000
5988 760500
5988 762000
5988 763500
5988 765000
5988 766500
5988 768000
5988 769500
5988 771000
5988 772500
5988 774000
6013 499500
6013 501000
6013 502500
6013 504000
6013 505500
6013 507000
6013 508500
6013 510000
6013 511500
6013 513000
6013 514500
6013 516000
6013 517500
6013 519000
6013 520500
6013 522000
6013 523500
6013 525000
6013 526500
6013 528000
6039 261000
6039 262500
6039 264000
6039 265500
6039 267000
6039 268500
6039 270000
6039 271500
6039 273000
6039 274500
6051 261000
6051 262500
6051 264000
6051 265500
6051 267000
6051 268500
6051 270000
6051 271500
6051 495000
6051 496500
6051 498000
6051 499500
6051 501000
6051 502500
6051 504000
6051 505500
6051 507000
6051 508500
6051 510000
6051 511500
6051 513000
6051 514500
6051 516000
6051 517500
6051 519000
6051 520500
6051 522000
6051 523500
6070 235500
6070 237000
6070 238500
6070 240000
6070 241500
6070 243000
6070 244500
6070 246000
6070 247500
6070 249000
6070 250500
6070 252000
6070 253500
6070 255000
6070 256500
6070 258000
6070 259500
6070 469500
6070 471000
6070 472500
6070 474000
6070 475500
6070 477000
6070 478500
6070 480000
6070 481500
6070 483000
6070 484500
6070 486000
6070 487500
6070 489000
6108 753000
6108 754500
6108 756000
6108 757500
6108 759000
6108 760500
6108 762000
6108 763500
6108 765000
6122 498000
6122 499500
6122 501000
6122 502500
6122 504000
6122 505500
6122 507000
6122 508500
6122 510000
6122 511500
6122 513000
6122 514500
6122 516000
6122 517500
6122 519000
6122 520500
6122 522000
6122 744000
6122 745500
6122 747000
6122 748500
6122 750000
6122 751500
6122 753000
6122 754500
6122 756000
6122 757500
6122 759000
6122 760500
6122 762000
6122 763500
6122 765000
6122 766500
6122 768000
6122 769500
6122 771000
6148 498000
6148 499500
6148 501000
6148 502500
6148 504000
6148 505500
6148 507000
6148 508500
6148 510000
6148 511500
6148 513000
6148 514500
6148 516000
6148 517500
6148 519000
6148 520500
6148 522000
6148 523500
6148 756000
6148 757500
6148 759000
6148 760500
6148 762000
6148 763500
6148 765000
6148 766500
6148 768000
6148 769500
6148 771000
6148 772500
6148 774000
6179 498000
6179 499500
6179 501000
6179 502500
6179 504000
6179 505500
6179 507000
6179 508500
6179 510000
6179 511500
6179 513000
6179 514500
6179 516000
6179 517500
6179 519000
6179 520500
6179 522000
6179 523500
6179 736500
6179 738000
6179 739500
6179 741000
6179 742500
6179 754500
6179 756000
6179 757500
6179 759000
6179 760500
6179 762000
6179 763500
6179 765000
6179 766500
6179 768000
6179 769500
6179 771000
6193 750000
6193 751500
6193 753000
6193 754500
6193 756000
6193 757500
6193 759000
6193 760500
6193 762000
6193 763500
6193 765000
6193 766500
6193 768000
6212 493500
6212 495000
6212 496500
6212 498000
6212 499500
6212 501000
6212 502500
6212 504000
6212 505500
6212 507000
6212 508500
6212 510000
6212 511500
6212 513000
6212 514500
6212 516000
6212 517500
6212 519000
6212 520500
6212 741000
6212 742500
6212 744000
6212 745500
6212 747000
6212 748500
6212 750000
6212 751500
6212 753000
6212 754500
6212 756000
6228 496500
6228 498000
6228 499500
6228 501000
6228 502500
6228 504000
6228 505500
6228 507000
6228 508500
6228 510000
6228 511500
6228 513000
6228 514500
6228 516000
6228 517500
6228 519000
6228 520500
6228 522000
6228 523500
6228 525000
6228 526500
6228 738000
6228 739500
6228 741000
6228 742500
6228 744000
6228 745500
6228 747000
6228 748500
6228 750000
6228 751500
6228 753000
6246 496500
6246 498000
6246 499500
6246 501000
6246 502500
6246 504000
6246 505500
6246 507000
6246 508500
6246 510000
6246 511500
6246 513000
6246 514500
6246 516000
6246 517500
6246 519000
6246 520500
6246 522000
6246 757500
6246 759000
6246 760500
6246 762000
6246 763500
6246 765000
6246 766500
6246 768000
6246 769500
6277 247500
6277 249000
6277 250500
6277 252000
6277 253500
6277 255000
6277 256500
6277 258000
6277 259500
6277 261000
6277 262500
6277 264000
6277 265500
6277 267000
6277 268500
6277 270000
6277 493500
6277 495000
6277 496500
6277 498000
6277 499500
6277 501000
6277 502500
6277 504000
6277 505500
6277 507000
6277 508500
6277 510000
6277 511500
6277 513000
6277 514500
6277 516000
6277 517500
6277 519000
6277 520500
6277 745500
6277 747000
6277 748500
6277 750000
6277 751500
6277 753000
6277 754500
6277 756000
6277 757500
6277 759000
6277 760500
6277 762000
6277 763500
6277 765000
6277 766500
6277 768000
6294 247500
6294 249000
6294 250500
6294 252000
6294 253500
6294 255000
6294 256500
6294 258000
6294 259500
6294 261000
6294 262500
6294 264000
6294 265500
6294 267000
6294 268500
6294 270000
6294 271500
6294 495000
6294 496500
6294 498000
6294 499500
6294 501000
6294 502500
6294 504000
6294 505500
6294 507000
6294 508500
6294 510000
6294 511500
6294 513000
6294 514500
6294 516000
6294 517500
6294 519000
6294 520500
6294 522000
6311 244500
6311 246000
6311 247500
6311 249000
6311 250500
6311 252000
6311 253500
6311 255000
6311 256500
6311 258000
6311 259500
6311 261000
6311 262500
6311 264000
6311 265500
6311 267000
6311 268500
6311 270000
6311 486000
6311 487500
6311 489000
6311 490500
6311 492000
6311 493500
6311 495000
6311 496500
6311 498000
6311 499500
6311 501000
6311 502500
6311 504000
6311 505500
6311 507000
6311 508500
6311 510000
6311 511500
6311 513000
6311 514500
6311 516000
6311 517500
6311 738000
6311 739500
6311 741000
6311 742500
6311 744000
6311 745500
6311 747000
6311 748500
6311 750000
6311 751500
6311 753000
6311 754500
6337 492000
6337 493500
6337 495000
6337 496500
6337 498000
6337 499500
6337 501000
6337 502500
6337 504000
6337 505500
6337 507000
6337 508500
6337 510000
6337 511500
6337 513000
6337 514500
6337 516000
6337 517500
6337 519000
6337 520500
6337 522000
6337 523500
6337 525000
6337 526500
6337 528000
6337 529500
6337 531000
6337 532500
6337 751500
6337 753000
6337 754500
6337 756000
6337 757500
6337 759000
6337 760500
6337 762000
6337 763500
6337 765000
6337 766500
6352 499500
6352 501000
6352 502500
6352 504000
6352 505500
6352 507000
6352 508500
6352 510000
6352 511500
6352 513000
6352 514500
6352 516000
6352 517500
6352 519000
6352 520500
6352 522000
6352 523500
6352 525000
6352 526500
6352 528000
6352 529500
6352 531000
6352 532500
6352 534000
6352 535500
6366 493500
6366 495000
6366 496500
6366 498000
6366 499500
6366 501000
6366 502500
6366 504000
6366 505500
6366 507000
6366 508500
6366 510000
6366 511500
6366 513000
6366 514500
6366 516000
6366 517500
6366 735000
6366 736500
6366 738000
6366 739500
6366 741000
6366 742500
6366 744000
6366 745500
6366 747000
6366 748500
6366 750000
6366 751500
6366 753000
6366 754500
6366 756000
6366 757500
6366 759000
6383 478500
6383 480000
6383 481500
6383 483000
6383 484500
6383 486000
6383 487500
6383 489000
6383 490500
6383 492000
6383 493500
6383 495000
6383 496500
6383 498000
6383 499500
6383 501000
6383 502500
6383 504000
6383 505500
6383 507000
6383 508500
6383 510000
6383 511500
6383 513000
6383 514500
6383 516000
6383 517500
6401 484500
6401 486000
6401 487500
6401 489000
6401 490500
6401 492000
6401 493500
6401 495000
6401 496500
6401 498000
6401 499500
6401 501000
6401 502500
6401 504000
6401 505500
6401 507000
6401 508500
6401 510000
6401 511500
6401 513000
6401 514500
6401 733500
6401 735000
6401 736500
6401 738000
6401 739500
6401 741000
6401 742500
6401 744000
6401 745500
6401 747000
6401 748500
6401 750000
6401 751500
6401 753000
6401 754500
6401 756000
6401 757500
6401 759000
6401 760500
6401 762000
6401 763500
6401 765000
6420 517500
6420 519000
6420 520500
6420 522000
6420 523500
6420 525000
6456 492000
6456 493500
6456 495000
6456 496500
6456 498000
6456 499500
6456 501000
6456 502500
6456 504000
6456 505500
6456 507000
6456 508500
6456 510000
6456 511500
6456 513000
6456 753000
6456 754500
6456 756000
6456 757500
6456 759000
6456 760500
6456 762000
6456 763500
6516 246000
6516 247500
6516 249000
6516 250500
6516 252000
6516 253500
6516 255000
6516 256500
6516 258000
6516 259500
6516 261000
6516 262500
6516 264000
6516 265500
6526 489000
6526 490500
6526 492000
6526 493500
6526 495000
6526 496500
6526 498000
6526 499500
6526 501000
6526 502500
6526 504000
6526 505500
6526 507000
6526 508500
6526 510000
6526 511500
6526 513000
6526 514500
6526 516000
6526 517500
6556 492000
6556 493500
6556 495000
6556 496500
6556 498000
6556 499500
6556 501000
6556 502500
6556 504000
6556 505500
6556 507000
6556 508500
6556 510000
6556 511500
6556 513000
6556 514500
6556 516000
6556 517500
6556 519000
6556 520500
6556 522000
6556 523500
6556 525000
6577 748500
6577 750000
6577 751500
6577 753000
6577 754500
6577 756000
6577 757500
6577 759000
6577 760500
6589 741000
6589 742500
6589 744000
6589 745500
6589 747000
6589 748500
6589 750000
6589 751500
6589 753000
6589 754500
6589 756000
6610 579000
6610 580500
6610 582000
6610 583500
6610 585000
6610 586500
6610 588000
6610 589500
6610 591000
6610 592500
6610 594000
6610 595500
6610 597000
6610 598500
6674 744000
6674 745500
6674 747000
6674 748500
6674 750000
6674 751500
6674 753000
6674 754500
6674 756000
6674 757500
6674 759000
6674 760500
6723 505500
6723 507000
6723 508500
6723 510000
6723 511500
6723 513000
6723 514500
6723 516000
6723 517500
6741 549000
6741 550500
6741 552000
6741 553500
6741 555000
6741 556500
6762 247500
6762 249000
6762 250500
6762 252000
6762 253500
6762 255000
6762 256500
6762 258000
6762 259500
6762 261000
6762 262500
6762 264000
6762 265500
6762 267000
6762 268500
6762 270000
6762 271500
6762 273000
6762 274500
6762 276000
6762 277500
6762 279000
6762 552000
6762 553500
6762 555000
6762 556500
6762 558000
6762 559500
6762 561000
6813 492000
6813 493500
6813 495000
6813 496500
6813 498000
6813 499500
6813 501000
6813 502500
6813 504000
6813 505500
6813 507000
6813 508500
6813 510000
6813 511500
6837 489000
6837 490500
6837 492000
6837 493500
6837 495000
6837 496500
6837 498000
6837 499500
6837 501000
6837 502500
6837 504000
6837 505500
6837 507000
6837 508500
6856 249000
6856 250500
6856 252000
6856 253500
6856 255000
6856 256500
6856 258000
6856 261000
6856 262500
6856 264000
6856 265500
6856 267000
6856 268500
6856 270000
6856 271500
6856 273000
6856 274500
6856 276000
6856 277500
6856 279000
6856 492000
6856 493500
6856 495000
6856 496500
6856 498000
6856 499500
6856 501000
6856 502500
6856 504000
6856 505500
6856 507000
6856 508500
6856 510000
6856 511500
6856 513000
6856 516000
6856 517500
6856 519000
6856 520500
6856 522000
6856 523500
6856 525000
6895 249000
6895 250500
6895 252000
6895 253500
6895 255000
6895 256500
6895 258000
6895 259500
6895 261000
6895 262500
6895 264000
6895 265500
6895 267000
6895 268500
6895 270000
6895 271500
6895 273000
6895 274500
6895 276000
6910 543000
6910 544500
6910 546000
6910 547500
6910 549000
6910 550500
6910 552000
6910 553500
6910 555000
6921 492000
6921 493500
6921 495000
6921 496500
6921 498000
6921 499500
6921 501000
6921 502500
6921 504000
6921 505500
6921 507000
6921 508500
6921 510000
6921 511500
6921 513000
6921 514500
6921 516000
6921 517500
6978 234000
6978 235500
6978 237000
6978 238500
6978 250500
6978 252000
6978 253500
6978 255000
6978 256500
6978 258000
6978 259500
6978 261000
6978 262500
6978 264000
6978 265500
6978 267000
6978 268500
6978 270000
6978 271500
6978 273000
6978 274500
6978 276000
6978 277500
6978 279000
6978 498000
6978 499500
6978 501000
6978 502500
6978 504000
6978 505500
6978 507000
6978 508500
6978 510000
6978 745500
6978 747000
6978 748500
6978 750000
6978 751500
6978 753000
6978 754500
6978 756000
6978 757500
6978 759000
6990 249000
6990 250500
6990 252000
6990 253500
6990 255000
6990 256500
6990 258000
6990 259500
6990 261000
6990 262500
6990 264000
6990 265500
6990 267000
6990 268500
6990 270000
6990 271500
6990 273000
6990 274500
6990 499500
6990 501000
6990 502500
6990 504000
6990 505500
6990 507000
7007 249000
7007 250500
7007 252000
7007 253500
7007 255000
7007 256500
7007 258000
7007 259500
7007 261000
7007 262500
7007 264000
7007 265500
7007 267000
7007 268500
7007 270000
7007 271500
7007 273000
7007 274500
7007 276000
7024 249000
7024 250500
7024 252000
7024 253500
7024 255000
7024 256500
7024 258000
7024 259500
7024 261000
7024 262500
7024 264000
7024 265500
7024 267000
7024 268500
7024 270000
7024 271500
7024 273000
7024 274500
7024 276000
7024 277500
7024 279000
7024 280500
7024 282000
7024 283500
7024 285000
7024 496500
7024 498000
7024 499500
7024 501000
7024 502500
7024 504000
7024 505500
7024 507000
7024 508500
7024 510000
7024 511500
7073 498000
7073 499500
7073 501000
7073 502500
7073 504000
7073 505500
7073 507000
7084 250500
7084 252000
7084 253500
7084 255000
7084 256500
7084 258000
7084 259500
7084 261000
7084 262500
7084 264000
7084 265500
7084 267000
7084 268500
7084 270000
7084 271500
7084 273000
7084 274500
7084 276000
7136 252000
7136 253500
7136 255000
7136 256500
7136 258000
7136 259500
7136 261000
7136 262500
7136 264000
7136 265500
7136 267000
7136 268500
7136 270000
7136 271500
7136 273000
7136 274500
7136 276000
7136 277500
7136 279000
7136 280500
7136 282000
7136 501000
7136 502500
7136 504000
7136 505500
7136 507000
7136 508500
7136 510000
7136 511500
7136 513000
7136 514500
7136 516000
7136 517500
7145 246000
7145 247500
7145 249000
7145 250500
7145 252000
7145 253500
7145 255000
7145 256500
7145 258000
7145 259500
7145 261000
7145 262500
7145 264000
7145 265500
7145 267000
7145 268500
7145 270000
7145 271500
7177 252000
7177 253500
7177 255000
7177 256500
7177 258000
7177 259500
7177 261000
7177 262500
7177 264000
7177 265500
7177 267000
7177 268500
7177 270000
7177 271500
7177 273000
7177 274500
7177 276000
7177 277500
7177 279000
7177 280500
7177 282000
7177 283500
7177 501000
7177 502500
7177 504000
7177 505500
7177 507000
7177 508500
7177 510000
7177 511500
7177 513000
7177 514500
7177 516000
7177 517500
7177 519000
7177 520500
7177 522000
7177 523500
7189 250500
7189 252000
7189 253500
7189 255000
7189 256500
7189 258000
7189 259500
7189 261000
7189 262500
7189 264000
7189 265500
7189 267000
7189 268500
7189 270000
7189 271500
7189 273000
7189 274500
7189 276000
7189 277500
7189 279000
7189 280500
7189 282000
7189 283500
7189 285000
7189 286500
7189 501000
7189 502500
7189 504000
7189 505500
7189 507000
7189 508500
7189 510000
7189 511500
7189 513000
7189 514500
7189 516000
7189 517500
7189 519000
7189 520500
7189 522000
7189 523500
7207 250500
7207 252000
7207 253500
7207 255000
7207 256500
7207 258000
7207 259500
7207 261000
7207 262500
7207 264000
7207 265500
7207 267000
7207 268500
7207 502500
7207 504000
7207 505500
7207 507000
7207 508500
7207 510000
7207 511500
7207 513000
7207 514500
7207 516000
7207 517500
7207 519000
7207 520500
7207 522000
7207 523500
7221 252000
7221 253500
7221 255000
7221 256500
7221 258000
7221 259500
7221 261000
7221 262500
7221 264000
7221 265500
7221 267000
7221 268500
7221 270000
7221 501000
7221 502500
7221 504000
7221 505500
7221 507000
7221 508500
7221 510000
7221 511500
7221 513000
7221 514500
7221 516000
7221 517500
7221 519000
7221 520500
7259 247500
7259 249000
7259 250500
7259 252000
7259 253500
7259 255000
7259 256500
7259 258000
7259 261000
7259 262500
7259 264000
7259 265500
7259 267000
7259 268500
7259 270000
7259 271500
7259 273000
7259 274500
7259 276000
7259 277500
7259 279000
7259 280500
7259 282000
7259 283500
7259 285000
7259 286500
7259 288000
7259 289500
7276 247500
7276 249000
7276 250500
7276 252000
7276 253500
7276 255000
7276 256500
7276 258000
7276 259500
7276 261000
7276 262500
7276 264000
7276 265500
7276 267000
7276 268500
7276 270000
7276 271500
7276 273000
7276 274500
7276 276000
7276 501000
7276 502500
7276 504000
7276 505500
7276 507000
7276 508500
7276 510000
7276 511500
7276 513000
7276 514500
7276 516000
7276 517500
7276 519000
7276 520500
7276 522000
7292 252000
7292 253500
7292 255000
7292 256500
7292 258000
7292 259500
7292 261000
7292 262500
7292 264000
7292 265500
7292 267000
7292 268500
7292 270000
7292 271500
7292 273000
7292 502500
7292 504000
7292 505500
7292 507000
7292 508500
7292 510000
7292 511500
7292 513000
7292 514500
7292 516000
7292 517500
7292 523500
7292 525000
7292 526500
7292 528000
7292 529500
7292 531000
7292 532500
7292 534000
7292 535500
7292 537000
7292 538500
7292 540000
7292 549000
7292 550500
7292 552000
7292 553500
7292 555000
7292 556500
7292 558000
7292 559500
7292 561000
7292 562500
7292 564000
7292 565500
7314 253500
7314 255000
7314 256500
7314 258000
7314 259500
7314 261000
7314 262500
7314 264000
7314 265500
7314 267000
7314 268500
7314 270000
7314 271500
7314 273000
7314 274500
7314 504000
7314 505500
7314 507000
7314 508500
7314 510000
7314 511500
7314 513000
7314 514500
7314 516000
7314 517500
7314 519000
7314 520500
7314 522000
7336 249000
7336 250500
7336 252000
7336 253500
7336 255000
7336 256500
7336 258000
7336 262500
7336 264000
7336 265500
7336 267000
7336 268500
7336 270000
7336 271500
7336 273000
7336 274500
7336 276000
7336 277500
7336 279000
7336 280500
7336 282000
7336 283500
7336 499500
7336 501000
7336 502500
7336 504000
7336 505500
7336 507000
7336 508500
7336 510000
7336 511500
7336 513000
7336 514500
7336 516000
7336 517500
7336 519000
7336 520500
7336 522000
7336 523500
7362 253500
7362 255000
7362 256500
7362 258000
7362 259500
7362 261000
7362 262500
7362 264000
7362 265500
7362 267000
7362 268500
7362 270000
7362 271500
7362 273000
7362 274500
7362 276000
7362 507000
7362 508500
7362 510000
7362 511500
7362 513000
7362 514500
7362 516000
7362 517500
7362 519000
7362 520500
7362 522000
7362 523500
7362 525000
7382 237000
7382 238500
7382 240000
7382 241500
7382 253500
7382 255000
7382 256500
7382 258000
7382 259500
7382 261000
7382 262500
7382 264000
7382 265500
7382 267000
7382 268500
7382 270000
7382 271500
7382 273000
7382 274500
7382 505500
7382 507000
7382 508500
7382 510000
7382 511500
7382 513000
7382 514500
7382 516000
7382 517500
7382 519000
7382 520500
7382 522000
7382 523500
7382 525000
7382 526500
7382 528000
7416 255000
7416 256500
7416 258000
7416 259500
7416 261000
7416 262500
7416 264000
7416 265500
7416 267000
7416 268500
7416 270000
7416 271500
7416 273000
7416 274500
7416 508500
7416 510000
7416 511500
7416 513000
7416 514500
7416 516000
7445 291000
7445 292500
7445 294000
7445 295500
7445 297000
7445 298500
7445 300000
7445 301500
7445 303000
7445 304500
7470 252000
7470 253500
7470 255000
7470 256500
7470 258000
7470 259500
7470 261000
7470 262500
7470 264000
7470 265500
7470 267000
7470 268500
7470 270000
7470 271500
7470 273000
7470 274500
7470 276000
7470 277500
7470 279000
7470 280500
7470 282000
7470 283500
7470 508500
7470 510000
7470 511500
7470 513000
7470 514500
7470 516000
7470 517500
7470 519000
7470 520500
7470 522000
7470 523500
7470 525000
7470 526500
7470 528000
7470 529500
7470 531000
7516 252000
7516 253500
7516 255000
7516 256500
7516 258000
7516 259500
7516 261000
7516 264000
7516 265500
7516 267000
7516 268500
7516 270000
7516 271500
7516 273000
7516 274500
7516 276000
7516 277500
7516 279000
7516 280500
7516 282000
7516 508500
7516 510000
7516 511500
7516 513000
7516 514500
7516 516000
7516 517500
7516 519000
7516 520500
7516 522000
7516 523500
7516 525000
7516 526500
7516 528000
7516 529500
7536 303000
7536 304500
7536 306000
7536 307500
7536 309000
7536 310500
7536 312000
7536 313500
7536 315000
7536 316500
7536 318000
7536 319500
7536 321000
7536 598500
7536 600000
7536 601500
7536 603000
7536 604500
7536 606000
7536 607500
7536 609000
7536 610500
7536 643500
7536 645000
7536 646500
7536 648000
7536 649500
7536 651000
7536 652500
7536 654000
7536 655500
7559 258000
7559 259500
7559 261000
7559 262500
7559 264000
7559 265500
7559 267000
7559 268500
7559 270000
7559 271500
7559 273000
7559 274500
7559 276000
7559 277500
7559 517500
7559 519000
7559 520500
7559 522000
7559 523500
7559 525000
7576 256500
7576 258000
7576 259500
7576 261000
7576 262500
7576 264000
7576 265500
7576 267000
7576 268500
7576 270000
7590 258000
7590 259500
7590 261000
7590 262500
7590 264000
7590 265500
7590 267000
7590 268500
7590 270000
7590 271500
7590 273000
7590 274500
7590 276000
7590 277500
7590 279000
7590 280500
7590 516000
7590 517500
7590 519000
7590 520500
7590 522000
7590 523500
7590 525000
7590 526500
7590 528000
7590 529500
7590 531000
7590 532500
7590 534000
7590 535500
7615 259500
7615 261000
7615 262500
7615 264000
7615 265500
7615 267000
7615 268500
7615 270000
7615 271500
7615 273000
7615 274500
7615 276000
7615 277500
7615 279000
7615 280500
7615 282000
7615 520500
7615 522000
7615 523500
7615 525000
7615 526500
7615 528000
7615 529500
7615 531000
7615 532500
7615 534000
7615 543000
7615 544500
7615 546000
7615 547500
7615 549000
7615 550500
7615 552000
7615 553500
7615 555000
7631 259500
7631 261000
7631 262500
7631 264000
7631 265500
7631 267000
7631 268500
7631 270000
7631 271500
7659 255000
7659 256500
7659 258000
7659 259500
7659 261000
7659 262500
7659 264000
7659 265500
7659 267000
7659 268500
7659 270000
7659 271500
7659 273000
7659 274500
7659 276000
7659 277500
7659 279000
7659 280500
7659 282000
7659 283500
7659 285000
7659 286500
7679 262500
7679 264000
7679 265500
7679 267000
7679 268500
7679 270000
7679 271500
7679 273000
7679 274500
7679 276000
7689 261000
7689 262500
7689 264000
7689 265500
7689 267000
7689 268500
7689 270000
7689 271500
7689 273000
7689 274500
7689 276000
7689 277500
7689 279000
7689 280500
7689 282000
7689 283500
7689 285000
7689 286500
7689 288000
7689 523500
7689 525000
7689 526500
7689 528000
7689 529500
7689 531000
7689 532500
7689 534000
7689 535500
7689 537000
7689 538500
7689 540000
7689 541500
7689 543000
7719 255000
7719 256500
7719 258000
7719 259500
7719 261000
7719 262500
7719 264000
7719 265500
7719 267000
7719 268500
7719 270000
7719 271500
7719 273000
7719 274500
7719 276000
7719 277500
7719 279000
7719 280500
7719 282000
7719 283500
7719 285000
7719 286500
7719 519000
7719 520500
7719 522000
7719 523500
7719 525000
7719 526500
7719 528000
7719 529500
7719 531000
7719 532500
7719 534000
7719 535500
7719 537000
7719 538500
7719 540000
7719 541500
7719 543000
7719 544500
7719 546000
7736 360000
7736 361500
7736 363000
7736 364500
7736 366000
7736 367500
7736 369000
7736 370500
7736 372000
7736 373500
7736 375000
7736 376500
7736 378000
7736 379500
7736 381000
7736 382500
7736 384000
7748 373500
7748 375000
7748 376500
7748 378000
7748 379500
7748 381000
7748 382500
7748 384000
7748 385500
7748 387000
7748 388500
7748 390000
7748 391500
7778 261000
7778 262500
7778 264000
7778 265500
7778 267000
7778 268500
7778 270000
7778 271500
7778 273000
7778 274500
7778 276000
7778 277500
7778 279000
7778 280500
7778 282000
7778 283500
7778 285000
7778 286500
7778 288000
7778 525000
7778 526500
7778 528000
7778 529500
7778 531000
7778 532500
7778 534000
7778 535500
7778 537000
7778 538500
7778 540000
7778 541500
7778 543000
7778 544500
7778 546000
7778 547500
7797 264000
7797 265500
7797 267000
7797 268500
7797 270000
7797 271500
7797 273000
7797 274500
7797 276000
7797 277500
7797 279000
7797 280500
7797 282000
7797 283500
7797 285000
7797 286500
7797 288000
7797 289500
7797 291000
7797 526500
7797 528000
7797 529500
7797 531000
7797 532500
7797 534000
7797 535500
7797 537000
7797 538500
7797 540000
7797 541500
7797 543000
7797 544500
7812 262500
7812 264000
7812 265500
7812 267000
7812 268500
7812 270000
7812 271500
7812 273000
7812 274500
7812 276000
7812 277500
7812 279000
7812 280500
7812 282000
7812 283500
7812 285000
7812 286500
7812 288000
7812 289500
7812 529500
7812 531000
7812 532500
7812 534000
7812 535500
7812 537000
7812 538500
7812 540000
7812 541500
7812 543000
7812 544500
7812 546000
7812 547500
7872 267000
7872 268500
7872 270000
7872 271500
7872 273000
7872 274500
7872 276000
7872 277500
7872 279000
7872 280500
7872 282000
7872 283500
7872 285000
7872 286500
7872 288000
7896 268500
7896 270000
7896 271500
7896 273000
7896 274500
7896 276000
7896 277500
7896 279000
7896 280500
7896 282000
7896 283500
7896 285000
7896 286500
7896 288000
7896 289500
7896 541500
7896 543000
7896 544500
7896 546000
7896 547500
7896 549000
7896 550500
7896 552000
7896 553500
7896 555000
7896 556500
7927 270000
7927 271500
7927 273000
7927 274500
7927 276000
7927 277500
7927 279000
7927 280500
7927 282000
7927 283500
7927 285000
7927 286500
7927 288000
7927 289500
7927 291000
7927 540000
7927 541500
7927 543000
7927 544500
7927 546000
7927 547500
7927 549000
7927 550500
7927 552000
7927 553500
7927 555000
7927 556500
7927 558000
7945 265500
7945 267000
7945 268500
7945 270000
7945 271500
7945 273000
7945 274500
7945 276000
7945 277500
7945 279000
7945 280500
7945 282000
7945 283500
7945 285000
7945 286500
7945 288000
7945 289500
7945 291000
7945 292500
7945 294000
7945 295500
7965 267000
7965 268500
7965 270000
7965 271500
7965 273000
7965 274500
7965 276000
7965 277500
7965 279000
7965 280500
7965 282000
7965 283500
7965 285000
7965 286500
7965 288000
7965 289500
7965 291000
7965 292500
7965 294000
7996 271500
7996 273000
7996 274500
7996 276000
7996 277500
7996 279000
7996 280500
7996 282000
7996 283500
7996 285000
7996 286500
7996 288000
7996 289500
7996 291000
7996 292500
7996 294000
7996 295500
7996 550500
7996 552000
7996 553500
7996 555000
7996 556500
7996 558000
7996 559500
7996 561000
7996 562500
7996 564000
7996 565500
8019 271500
8019 273000
8019 274500
8019 276000
8019 277500
8019 279000
8019 280500
8019 282000
8019 283500
8019 285000
8019 286500
8019 288000
8019 289500
8019 291000
8019 292500
8019 294000
8019 550500
8019 552000
8019 553500
8019 555000
8019 556500
8019 558000
8019 559500
8019 561000
8019 562500
8019 564000
8019 565500
8019 567000
8019 568500
8055 276000
8055 277500
8055 279000
8055 280500
8055 282000
8055 283500
8055 285000
8055 286500
8055 288000
8055 289500
8055 291000
8055 292500
8055 294000
8055 295500
8055 553500
8055 555000
8055 556500
8055 558000
8055 559500
8055 561000
8055 562500
8055 564000
8055 565500
8055 567000
8055 568500
8055 570000
8055 571500
8055 573000
8055 574500
8055 615000
8055 616500
8055 618000
8055 619500
8055 621000
8055 622500
8055 624000
8069 240000
8069 241500
8069 243000
8069 244500
8069 246000
8069 247500
8069 249000
8069 250500
8069 252000
8069 253500
8069 255000
8069 256500
8069 258000
8069 259500
8069 261000
8069 262500
8069 264000
8069 265500
8069 267000
8069 279000
8069 280500
8069 282000
8069 283500
8069 285000
8069 286500
8069 288000
8069 289500
8069 291000
8069 292500
8069 294000
8069 295500
8069 297000
8081 277500
8081 279000
8081 280500
8081 282000
8081 283500
8081 285000
8081 286500
8081 288000
8114 274500
8114 276000
8114 277500
8114 279000
8114 280500
8114 282000
8114 283500
8114 285000
8114 286500
8114 288000
8114 289500
8114 291000
8114 292500
8114 294000
8114 295500
8114 297000
8114 298500
8114 300000
8114 301500
8114 303000
8114 559500
8114 561000
8114 562500
8114 564000
8114 565500
8114 567000
8114 573000
8114 574500
8114 576000
8114 577500
8114 579000
8114 580500
8114 582000
8114 583500
8135 276000
8135 277500
8135 279000
8135 280500
8135 282000
8135 283500
8135 285000
8156 277500
8156 279000
8156 280500
8156 282000
8156 283500
8156 285000
8156 286500
8156 288000
8156 289500
8156 291000
8156 292500
8156 294000
8156 295500
8156 297000
8156 298500
8156 300000
8156 301500
8156 303000
8156 304500
8173 285000
8173 286500
8173 288000
8173 289500
8173 291000
8173 292500
8173 294000
8173 295500
8173 297000
8173 298500
8173 300000
8173 301500
8173 303000
8219 289500
8219 291000
8219 292500
8219 294000
8219 295500
8219 297000
8219 298500
8219 300000
8219 301500
8219 303000
8219 304500
8219 306000
8219 307500
8219 309000
8219 310500
8219 585000
8219 586500
8219 588000
8219 589500
8219 591000
8219 592500
8219 594000
8219 595500
8219 597000
8219 598500
8219 654000
8219 655500
8219 657000
8219 658500
8219 660000
8219 661500
8219 663000
8219 664500
8219 666000
8254 652500
8254 654000
8254 655500
8254 657000
8254 658500
8254 660000
8254 661500
8254 663000
8267 295500
8267 297000
8267 298500
8267 300000
8267 301500
8267 303000
8267 304500
8267 306000
8267 307500
8267 309000
8267 310500
8267 312000
8267 313500
8267 315000
8267 645000
8267 646500
8267 648000
8267 649500
8267 651000
8267 652500
8267 658500
8267 660000
8267 661500
8267 663000
8267 664500
8267 666000
8267 667500
8267 669000
8267 670500
8267 672000
8280 295500
8280 297000
8280 298500
8280 300000
8280 301500
8280 303000
8280 304500
8280 306000
8280 307500
8280 309000
8280 310500
8280 312000
8280 313500
8280 315000
8280 316500
8280 589500
8280 591000
8280 592500
8280 594000
8280 595500
8280 597000
8280 598500
8280 600000
8280 601500
8280 603000
8280 604500
8280 606000
8280 607500
8317 300000
8317 301500
8317 303000
8317 304500
8317 306000
8317 307500
8317 309000
8317 310500
8317 312000
8358 307500
8358 309000
8358 310500
8358 312000
8358 313500
8358 315000
8358 316500
8358 318000
8358 319500
8358 321000
8358 322500
8358 324000
8358 325500
8358 327000
8358 616500
8358 618000
8358 619500
8358 621000
8358 622500
8358 624000
8358 625500
8358 627000
8370 307500
8370 309000
8370 310500
8370 312000
8370 313500
8370 315000
8370 316500
8370 318000
8370 319500
8370 321000
8370 322500
8370 324000
8370 325500
8370 327000
8370 328500
8370 330000
8370 331500
8370 333000
8398 315000
8398 316500
8398 318000
8398 319500
8398 321000
8398 322500
8398 324000
8398 325500
8398 327000
8398 328500
8398 330000
8398 331500
8398 333000
8398 334500
8398 336000
8415 319500
8415 321000
8415 322500
8415 324000
8415 325500
8415 327000
8415 328500
8415 330000
8415 331500
8415 333000
8415 334500
8415 336000
8415 633000
8415 634500
8415 636000
8415 637500
8415 639000
8415 640500
8415 642000
8415 643500
8455 330000
8455 331500
8455 333000
8455 334500
8455 336000
8455 337500
8455 339000
8455 340500
8455 342000
8455 343500
8455 345000
8455 652500
8455 654000
8455 655500
8455 657000
8455 658500
8455 660000
8467 337500
8467 339000
8467 340500
8467 342000
8467 343500
8467 345000
8467 346500
8467 348000
8467 349500
8517 357000
8517 358500
8517 360000
8517 361500
8517 363000
8517 364500
8517 366000
8517 367500
8517 369000
8517 370500
8517 372000
8517 373500
8517 375000
8517 376500
8529 370500
8529 372000
8529 373500
8529 375000
8529 376500
8529 378000
8529 379500
8529 381000
8529 382500
8529 384000
8529 385500
8529 387000
8529 388500
8529 390000
8529 391500
8529 393000
8529 394500
8559 420000
8559 421500
8559 423000
8559 424500
8559 426000
8559 427500
8576 462000
8576 463500
8576 465000
8576 466500
8576 468000
8576 469500
8576 471000
8576 472500
8576 474000
8771 712500
8771 714000
8771 715500
8771 717000
8771 718500
8771 720000
8771 721500
9016 535500
9016 537000
9016 538500
9016 540000
9016 541500
9016 543000
9352 408000
9352 409500
9352 411000
9352 412500
9352 414000
9352 415500
9451 700500
9451 702000
9451 703500
9451 705000
9451 706500
9451 708000
9558 552000
9558 553500
9558 555000
9558 556500
9558 558000
9558 559500
9558 561000
10065 754500
10065 756000
10065 757500
10065 759000
10065 760500
10065 762000
10065 763500
10065 765000
10065 766500
10065 768000
10065 769500
10065 771000
10065 772500
10065 774000
10065 804000
10065 805500
10065 807000
10065 808500
10065 810000
10065 811500
10134 789000
10134 790500
10134 792000
10134 793500
10134 795000
10134 796500
10214 451500
10214 453000
10214 454500
10214 456000
10214 457500
10214 459000
10214 787500
10214 789000
10214 790500
10214 792000
10214 793500
10214 795000
10343 799500
10343 801000
10343 802500
10343 804000
10343 805500
10343 807000
10343 808500
10372 786000
10372 787500
10372 789000
10372 790500
10372 792000
10372 793500
10372 795000
10372 796500
10372 798000
10372 799500
10488 790500
10488 792000
10488 793500
10488 795000
10488 796500
10488 798000
10488 799500
10488 801000
10613 798000
10613 799500
10613 801000
10613 802500
10613 804000
10613 805500
10787 646500
10787 648000
10787 649500
10787 651000
10787 652500
10787 654000
10787 655500
10787 657000
10787 658500
10787 660000
10787 661500
11794 613500
11794 615000
11794 616500
11794 618000
11794 619500
11794 621000
11794 622500
11794 624000
11794 625500
11794 627000
11794 628500
11794 630000
11794 631500
11794 633000
11794 634500
11794 636000
11794 637500
11794 639000
11794 640500
11794 642000
11794 643500
11794 645000
11794 646500
11794 648000
11794 649500
11794 651000
11794 652500
11794 654000
11794 655500
11794 657000
11794 658500
11794 660000
11794 661500
11794 663000
11794 664500
11794 666000
11794 667500
11794 669000
11794 670500
11794 672000
11794 673500
11794 675000
11794 676500
11794 678000
