2412 187500 15
2412 189000 16
2412 190500 17
2412 192000 18
2412 193500 18
2412 195000 18
2412 196500 18
2412 198000 17
2412 199500 16
2412 201000 16
3387 127500 17
3387 129000 15
3387 130500 14
3387 132000 14
3387 133500 14
3387 135000 13
3387 136500 13
3411 127500 20
3411 129000 19
3411 130500 18
3411 132000 17
3411 133500 17
3411 135000 16
3411 136500 14
3411 138000 14
3495 124500 12
3495 126000 13
3495 127500 14
3495 129000 13
3495 130500 14
3495 132000 13
3495 133500 13
3495 135000 12
3495 136500 10
3495 138000 10
3537 124500 21
3537 126000 20
3537 127500 22
3537 129000 21
3537 130500 21
3537 132000 20
3537 133500 18
3537 135000 17
3537 136500 16
3537 138000 15
3537 139500 14
3537 141000 12
3537 142500 11
3537 144000 10
3574 124500 21
3574 126000 22
3574 127500 24
3574 129000 24
3574 130500 24
3574 132000 23
3574 133500 22
3574 135000 20
3574 136500 18
3595 124500 27
3595 126000 27
3595 127500 27
3595 129000 26
3595 130500 25
3595 132000 23
3595 133500 22
3595 135000 20
3595 136500 19
3595 138000 16
3595 139500 15
3595 141000 14
3613 127500 21
3613 129000 21
3613 130500 21
3613 132000 21
3613 133500 20
3613 135000 18
3613 136500 15
3675 127500 24
3675 129000 25
3675 130500 26
3675 132000 26
3675 133500 27
3675 135000 26
3675 136500 26
3675 138000 25
3675 139500 24
3675 141000 22
3675 142500 20
3675 144000 17
3675 145500 13
3694 127500 16
3694 129000 18
3694 130500 17
3694 132000 17
3694 133500 17
3694 135000 17
3694 136500 16
3694 138000 16
3694 139500 15
3694 141000 14
3715 127500 20
3715 129000 22
3715 130500 22
3715 132000 23
3715 133500 23
3715 135000 23
3715 136500 22
3715 138000 22
3715 139500 21
3715 141000 21
3715 142500 20
3715 144000 19
3715 145500 16
3715 147000 15
3715 148500 13
3726 133500 24
3726 135000 25
3726 136500 25
3726 138000 26
3726 139500 25
3726 141000 25
3726 142500 23
3726 144000 22
3726 145500 20
3726 147000 16
3726 148500 12
3745 129000 21
3745 130500 22
3745 132000 23
3745 133500 23
3745 135000 24
3745 136500 24
3745 138000 23
3745 139500 22
3745 141000 21
3745 142500 19
3745 144000 15
3745 145500 12
3773 231000 16
3773 232500 18
3773 234000 19
3773 235500 19
3773 237000 19
3773 238500 18
3773 240000 15
3773 241500 13
3773 243000 13
3773 244500 14
3773 246000 15
3773 247500 16
3773 249000 16
3773 250500 16
3773 252000 15
3773 253500 12
3801 139500 16
3801 141000 17
3801 142500 18
3801 144000 18
3801 145500 18
3801 147000 18
3801 148500 18
3801 150000 18
3801 151500 18
3801 153000 19
3801 154500 17
3801 156000 17
3801 157500 15
3801 159000 13
3890 127500 12
3890 129000 14
3890 130500 14
3890 132000 14
3890 133500 13
3890 135000 13
3890 136500 13
3890 138000 13
3890 139500 13
3890 141000 11
3890 142500 12
3890 144000 11
3948 223500 11
3948 225000 11
3948 226500 13
3948 228000 14
3948 229500 14
3961 234000 11
3961 235500 13
3961 237000 13
3961 238500 13
3961 240000 12
3961 241500 12
4027 219000 13
4027 220500 15
4027 222000 16
4027 223500 15
4027 225000 13
4027 226500 12
4064 222000 17
4064 223500 18
4064 225000 19
4064 226500 19
4064 228000 19
4083 223500 21
4083 225000 22
4083 226500 22
4083 228000 22
4083 229500 22
4083 231000 22
4083 232500 21
4083 234000 21
4083 235500 20
4083 237000 18
4083 238500 17
4083 240000 16
4110 237000 23
4110 238500 24
4110 240000 25
4110 241500 25
4110 243000 25
4110 244500 25
4110 253500 42
4110 255000 43
4110 256500 44
4110 258000 44
4110 259500 44
4110 261000 43
4110 262500 42
4110 264000 41
4110 265500 39
4110 267000 37
4110 268500 34
4110 270000 30
4110 271500 26
4110 273000 21
4110 274500 18
4110 472500 23
4110 474000 23
4110 475500 24
4110 477000 24
4110 478500 25
4110 480000 25
4110 481500 25
4110 483000 25
4110 484500 25
4110 486000 25
4110 487500 25
4110 489000 24
4110 490500 24
4110 492000 23
4110 493500 22
4110 495000 21
4110 496500 18
4110 498000 15
4110 511500 24
4110 513000 25
4110 514500 25
4110 516000 26
4110 517500 26
4110 519000 26
4110 520500 26
4110 522000 25
4110 523500 25
4110 525000 24
4110 526500 22
4110 528000 21
4110 529500 19
4110 531000 17
4110 733500 16
4110 735000 17
4110 736500 18
4110 738000 18
4110 739500 18
4110 741000 17
4110 742500 18
4110 744000 16
4215 225000 27
4215 226500 28
4215 228000 28
4215 229500 29
4215 231000 29
4215 232500 29
4215 234000 28
4215 235500 26
4215 237000 22
4215 238500 22
4236 223500 20
4236 225000 22
4236 226500 22
4236 228000 23
4236 229500 23
4236 231000 23
4236 232500 22
4277 222000 11
4277 223500 13
4277 225000 14
4277 226500 14
4277 228000 14
4277 229500 12
4318 228000 22
4318 229500 24
4318 231000 25
4318 232500 25
4318 234000 25
4318 235500 24
4359 243000 32
4359 244500 33
4359 246000 33
4359 247500 33
4359 249000 33
4359 250500 32
4359 252000 31
4359 253500 31
4359 255000 31
4359 256500 32
4359 258000 33
4359 259500 33
4359 261000 33
4359 262500 32
4359 264000 31
4359 265500 28
4359 267000 25
4359 268500 21
4359 270000 15
4359 495000 18
4359 496500 20
4359 498000 20
4359 499500 19
4359 501000 18
4359 502500 16
4359 504000 14
4359 510000 19
4359 511500 20
4359 513000 21
4359 514500 20
4359 516000 19
4359 517500 18
4359 519000 15
4419 240000 33
4419 241500 34
4419 243000 35
4419 244500 35
4419 246000 35
4419 247500 34
4419 249000 34
4419 250500 34
4419 252000 34
4419 253500 35
4419 255000 35
4419 256500 34
4419 258000 34
4419 259500 32
4419 261000 30
4419 262500 27
4419 264000 24
4419 265500 20
4419 267000 15
4465 238500 36
4465 240000 37
4465 241500 38
4465 243000 38
4465 244500 38
4465 246000 36
4465 247500 34
4465 249000 31
4465 253500 37
4465 255000 38
4465 256500 39
4465 258000 38
4465 259500 37
4465 261000 35
4465 262500 33
4465 264000 30
4465 265500 26
4465 267000 20
4465 268500 16
4465 489000 30
4465 490500 31
4465 492000 32
4465 493500 31
4465 495000 30
4465 496500 28
4465 498000 26
4465 499500 25
4465 501000 26
4465 502500 28
4465 504000 29
4465 505500 29
4465 507000 28
4465 508500 26
4465 510000 24
4465 511500 21
4465 513000 18
4578 264000 29
4578 265500 30
4578 267000 29
4578 268500 29
4578 270000 28
4578 271500 27
4578 273000 25
4578 274500 23
4578 276000 20
4578 277500 15
4588 267000 15
4588 268500 16
4588 270000 16
4588 271500 16
4588 273000 16
4588 274500 16
4588 276000 15
4588 277500 13
4641 270000 25
4641 271500 25
4641 273000 26
4641 274500 26
4641 276000 26
4641 277500 26
4641 279000 26
4641 280500 25
4641 282000 23
4641 283500 22
4641 285000 19
4641 286500 17
4676 271500 26
4676 273000 27
4676 274500 27
4676 276000 28
4676 277500 27
4676 279000 27
4676 280500 26
4676 282000 25
4676 283500 23
4676 285000 21
4676 286500 19
4676 288000 16
4692 277500 24
4692 279000 24
4692 280500 25
4692 282000 25
4692 283500 24
4692 285000 23
4692 286500 22
4692 288000 20
4692 289500 17
4753 270000 26
4753 271500 27
4753 273000 28
4753 274500 28
4753 276000 28
4753 277500 28
4753 279000 28
4753 280500 28
4753 282000 28
4753 283500 27
4753 285000 26
4753 286500 25
4753 288000 23
4753 289500 20
4753 291000 17
4764 273000 34
4764 274500 35
4764 276000 36
4764 277500 36
4764 279000 36
4764 280500 36
4764 282000 35
4764 283500 34
4764 285000 32
4764 286500 30
4764 288000 27
4764 289500 24
4764 291000 20
4764 292500 15
4799 271500 31
4799 273000 32
4799 274500 33
4799 276000 34
4799 277500 34
4799 279000 34
4799 280500 33
4799 282000 32
4799 283500 31
4799 285000 29
4799 286500 27
4799 288000 25
4799 289500 21
4799 291000 18
4851 273000 34
4851 274500 35
4851 276000 36
4851 277500 36
4851 279000 36
4851 280500 36
4851 282000 35
4851 283500 34
4851 285000 32
4851 286500 30
4851 288000 27
4851 289500 24
4863 273000 34
4863 274500 35
4863 276000 36
4863 277500 36
4863 279000 36
4863 280500 36
4863 282000 35
4863 283500 34
4863 285000 32
4863 286500 30
4863 288000 27
4863 289500 24
4893 262500 22
4893 264000 23
4893 265500 23
4893 267000 23
4893 268500 23
4893 270000 22
4893 271500 20
4893 273000 19
4893 280500 21
4893 282000 22
4893 283500 23
4893 285000 23
4893 286500 22
4893 288000 21
4893 289500 20
4916 271500 31
4916 273000 33
4916 274500 33
4916 276000 34
4916 277500 34
4916 279000 34
4916 280500 33
4916 282000 33
4916 283500 32
4916 285000 30
4916 286500 28
4916 288000 25
4916 289500 21
4916 291000 17
4926 234000 48
4926 235500 49
4926 237000 50
4926 238500 50
4926 240000 50
4926 241500 50
4926 243000 50
4926 244500 50
4926 246000 50
4926 247500 50
4926 249000 49
4926 250500 48
4926 252000 47
4926 253500 44
4926 255000 41
4926 256500 37
4926 258000 31
4926 259500 26
4926 261000 24
4926 469500 40
4926 471000 40
4926 472500 41
4926 474000 41
4926 475500 42
4926 477000 42
4926 478500 42
4926 480000 41
4926 481500 40
4926 483000 39
4926 484500 37
4926 486000 36
4926 487500 35
4926 489000 34
4926 490500 34
4926 492000 32
4926 493500 30
4926 495000 28
4926 496500 25
4926 498000 22
4926 499500 19
4926 708000 26
4926 709500 26
4926 711000 27
4926 712500 28
4926 714000 29
4926 715500 29
4926 717000 29
4926 718500 28
4926 720000 27
4926 721500 26
4926 723000 25
4926 724500 25
4926 726000 24
4926 727500 24
4926 729000 24
4926 730500 24
4926 732000 24
4926 733500 23
4926 735000 22
4926 736500 21
4926 738000 20
4956 271500 39
4956 273000 40
4956 274500 41
4956 276000 41
4956 277500 41
4956 279000 40
4956 280500 40
4956 282000 38
4956 283500 37
4956 285000 35
4956 286500 32
4956 288000 28
4956 289500 24
4967 270000 38
4967 271500 39
4967 273000 40
4967 274500 40
4967 276000 40
4967 277500 40
4967 279000 39
4967 280500 38
4967 282000 36
4967 283500 35
4967 285000 32
4967 286500 29
4967 288000 26
4967 289500 22
5016 268500 49
5016 270000 50
5016 271500 51
5016 273000 52
5016 274500 52
5016 276000 52
5016 277500 51
5016 279000 50
5016 280500 49
5016 282000 47
5016 283500 45
5016 285000 42
5016 286500 38
5016 288000 33
5016 289500 27
5031 268500 48
5031 270000 49
5031 271500 50
5031 273000 51
5031 274500 51
5031 276000 50
5031 277500 50
5031 279000 48
5031 280500 47
5031 282000 45
5031 283500 42
5031 285000 38
5031 286500 34
5031 288000 29
5044 267000 42
5044 268500 43
5044 270000 44
5044 271500 44
5044 273000 44
5044 274500 44
5044 276000 44
5044 277500 44
5044 279000 43
5044 280500 43
5044 282000 41
5044 283500 39
5044 285000 37
5044 286500 33
5044 288000 29
5044 289500 23
5044 291000 16
5064 268500 46
5064 270000 47
5064 271500 48
5064 273000 48
5064 274500 48
5064 276000 48
5064 277500 47
5064 279000 45
5064 280500 43
5064 282000 41
5064 283500 38
5064 285000 34
5064 286500 29
5064 288000 23
5098 267000 42
5098 268500 43
5098 270000 44
5098 271500 44
5098 273000 44
5098 274500 44
5098 276000 43
5098 277500 42
5098 279000 41
5098 280500 40
5098 282000 39
5098 283500 37
5098 285000 35
5117 268500 46
5117 270000 47
5117 271500 47
5117 273000 48
5117 274500 48
5117 276000 47
5117 277500 46
5117 279000 44
5117 280500 43
5117 282000 40
5117 283500 37
5117 285000 33
5117 286500 28
5117 288000 21
5139 267000 42
5139 268500 44
5139 270000 45
5139 271500 45
5139 273000 45
5139 274500 45
5139 276000 44
5139 277500 43
5139 279000 42
5139 280500 40
5139 282000 37
5139 283500 33
5222 268500 36
5222 270000 37
5222 271500 38
5222 273000 38
5222 274500 38
5222 276000 37
5222 277500 37
5222 279000 36
5222 280500 34
5222 282000 33
5278 235500 43
5278 237000 44
5278 238500 45
5278 240000 45
5278 241500 45
5278 243000 44
5278 244500 44
5278 246000 42
5278 247500 41
5278 249000 38
5278 465000 47
5278 466500 49
5278 468000 50
5278 469500 50
5278 471000 50
5278 472500 50
5278 474000 49
5278 475500 47
5278 477000 45
5278 478500 43
5278 480000 41
5278 481500 40
5278 483000 40
5278 484500 40
5278 486000 39
5278 487500 38
5313 261000 35
5313 262500 36
5313 264000 37
5313 265500 37
5313 267000 38
5313 268500 38
5313 270000 38
5313 271500 38
5313 273000 36
5313 274500 35
5313 276000 33
5313 277500 31
5313 279000 30
5352 262500 40
5352 264000 41
5352 265500 42
5352 267000 43
5352 268500 43
5352 270000 42
5352 271500 41
5352 273000 40
5352 274500 38
5352 276000 36
5352 277500 33
5352 279000 29
5352 280500 25
5352 519000 25
5352 520500 26
5352 522000 26
5352 523500 27
5352 525000 27
5352 526500 27
5352 528000 27
5352 529500 27
5352 531000 26
5352 532500 26
5352 534000 26
5352 535500 25
5352 537000 25
5352 538500 24
5352 540000 23
5421 261000 40
5421 262500 41
5421 264000 42
5421 265500 42
5421 267000 42
5421 268500 42
5421 270000 41
5421 271500 40
5421 273000 38
5421 274500 36
5421 276000 33
5421 277500 30
5421 279000 25
5421 523500 32
5421 525000 34
5421 526500 35
5421 528000 35
5421 529500 35
5421 531000 35
5421 532500 34
5421 534000 32
5421 535500 31
5421 537000 29
5421 538500 26
5477 259500 49
5477 261000 51
5477 262500 52
5477 264000 52
5477 265500 52
5477 267000 52
5477 268500 51
5477 270000 50
5477 271500 49
5477 273000 47
5477 274500 44
5477 276000 40
5477 277500 36
5477 279000 30
5477 519000 27
5477 520500 28
5477 522000 29
5477 523500 30
5477 525000 30
5477 526500 30
5477 528000 29
5477 529500 28
5477 531000 26
5477 532500 24
5491 258000 52
5491 259500 54
5491 261000 55
5491 262500 55
5491 264000 55
5491 265500 55
5491 267000 54
5491 268500 53
5491 270000 51
5491 271500 49
5491 273000 47
5491 274500 43
5491 276000 39
5491 277500 34
5491 279000 27
5491 513000 31
5491 514500 31
5491 516000 31
5491 517500 31
5491 519000 30
5491 520500 30
5491 522000 31
5491 523500 32
5491 525000 33
5491 526500 33
5491 528000 33
5491 529500 33
5491 531000 32
5491 532500 31
5491 534000 29
5491 535500 27
5511 259500 52
5511 261000 53
5511 262500 54
5511 264000 54
5511 265500 54
5511 267000 53
5511 268500 53
5511 270000 51
5511 271500 49
5511 273000 47
5511 274500 44
5511 276000 41
5511 277500 37
5511 279000 32
5511 280500 25
5511 517500 29
5511 519000 30
5511 520500 31
5511 522000 30
5511 523500 30
5511 525000 29
5511 526500 27
5511 528000 24
5538 256500 41
5538 258000 42
5538 259500 43
5538 261000 43
5538 262500 44
5538 264000 43
5538 265500 43
5538 267000 42
5538 268500 41
5538 270000 39
5538 271500 36
5538 273000 33
5538 274500 30
5538 276000 25
5538 514500 37
5538 516000 38
5538 517500 39
5538 519000 39
5538 520500 39
5538 522000 39
5538 523500 39
5538 525000 38
5538 526500 37
5538 528000 36
5538 529500 35
5538 531000 33
5538 532500 31
5538 534000 29
5538 535500 26
5538 537000 23
5559 256500 38
5559 258000 39
5559 259500 39
5559 261000 40
5559 262500 40
5559 264000 40
5559 265500 40
5559 267000 39
5559 268500 38
5559 270000 36
5559 271500 35
5559 273000 33
5559 274500 32
5559 276000 30
5559 277500 27
5559 279000 25
5559 280500 21
5559 517500 36
5559 519000 37
5559 520500 38
5559 522000 38
5559 523500 38
5559 525000 38
5559 526500 38
5559 528000 37
5559 529500 36
5559 531000 34
5559 532500 32
5559 534000 29
5559 535500 25
5559 537000 21
5575 267000 35
5575 268500 37
5575 270000 37
5575 271500 37
5575 273000 36
5575 274500 34
5575 276000 32
5575 277500 28
5575 279000 25
5575 280500 20
5575 513000 30
5575 514500 31
5575 516000 31
5575 517500 31
5575 519000 30
5575 520500 27
5575 522000 26
5575 523500 28
5575 525000 30
5575 526500 32
5575 528000 32
5575 529500 32
5575 531000 31
5575 532500 30
5575 534000 27
5575 535500 23
5575 537000 19
5593 513000 33
5593 514500 34
5593 516000 35
5593 517500 35
5593 519000 35
5593 520500 34
5593 522000 32
5593 523500 31
5593 525000 31
5593 526500 32
5593 528000 33
5593 529500 33
5593 531000 32
5593 532500 30
5593 534000 28
5593 535500 25
5593 537000 21
5611 256500 50
5611 258000 51
5611 259500 52
5611 261000 52
5611 262500 52
5611 264000 51
5611 265500 50
5611 267000 49
5611 268500 47
5611 270000 44
5611 271500 41
5611 273000 37
5611 274500 33
5611 276000 28
5611 516000 45
5611 517500 46
5611 519000 47
5611 520500 47
5611 522000 47
5611 523500 47
5611 525000 46
5611 526500 45
5611 528000 43
5611 529500 41
5611 531000 38
5611 532500 35
5611 534000 31
5627 235500 56
5627 237000 57
5627 238500 57
5627 240000 58
5627 241500 58
5627 243000 57
5627 244500 57
5627 246000 56
5627 247500 54
5627 249000 52
5627 250500 49
5627 252000 46
5627 253500 43
5627 255000 42
5627 469500 46
5627 471000 47
5627 472500 48
5627 474000 48
5627 475500 48
5627 477000 47
5627 478500 47
5627 480000 45
5627 481500 44
5627 483000 41
5627 484500 38
5627 486000 34
5627 487500 29
5656 513000 40
5656 514500 41
5656 516000 42
5656 517500 42
5656 519000 42
5656 520500 42
5656 522000 42
5656 523500 42
5656 525000 42
5656 526500 41
5656 528000 40
5656 529500 39
5656 531000 36
5656 532500 33
5656 534000 29
5656 535500 24
5674 258000 45
5674 259500 46
5674 261000 46
5674 262500 47
5674 264000 46
5674 265500 46
5674 267000 45
5674 268500 43
5674 270000 41
5674 271500 39
5674 273000 36
5674 274500 32
5674 276000 27
5674 514500 44
5674 516000 45
5674 517500 46
5674 519000 47
5674 520500 47
5674 522000 46
5674 523500 46
5674 525000 45
5674 526500 43
5674 528000 42
5674 529500 39
5674 531000 36
5674 532500 32
5674 534000 27
5687 258000 41
5687 259500 41
5687 261000 41
5687 262500 41
5687 264000 41
5687 265500 42
5687 267000 41
5687 268500 41
5687 270000 40
5687 271500 38
5687 273000 36
5687 274500 32
5687 276000 29
5687 277500 24
5687 279000 19
5705 232500 43
5705 234000 44
5705 235500 45
5705 237000 44
5705 238500 43
5705 240000 42
5705 241500 42
5705 243000 42
5705 244500 43
5705 246000 44
5705 247500 44
5705 249000 44
5705 250500 44
5705 252000 45
5705 253500 45
5705 255000 45
5705 256500 44
5705 258000 43
5705 259500 42
5705 261000 41
5705 262500 42
5705 264000 43
5705 265500 43
5705 267000 43
5705 268500 42
5705 270000 41
5705 271500 38
5705 273000 35
5705 274500 31
5705 508500 35
5705 510000 36
5705 511500 37
5705 513000 38
5705 514500 38
5705 516000 38
5705 517500 38
5705 519000 38
5705 520500 37
5705 522000 37
5705 523500 36
5705 525000 35
5705 526500 34
5705 528000 32
5705 529500 31
5724 237000 52
5724 238500 53
5724 240000 53
5724 241500 54
5724 243000 54
5724 244500 53
5724 246000 53
5724 247500 52
5724 249000 50
5724 250500 50
5724 252000 50
5759 253500 48
5759 255000 49
5759 256500 50
5759 258000 50
5759 259500 50
5759 261000 50
5759 262500 49
5759 264000 48
5759 265500 46
5759 267000 44
5759 268500 41
5759 270000 38
5759 271500 34
5759 273000 29
5759 274500 22
5759 513000 41
5759 514500 42
5759 516000 43
5759 517500 43
5759 519000 43
5759 520500 42
5759 522000 41
5759 523500 39
5759 525000 37
5759 526500 34
5759 528000 30
5759 529500 23
5759 756000 22
5759 757500 23
5759 759000 24
5759 760500 24
5759 762000 24
5759 763500 24
5759 765000 23
5759 766500 22
5759 768000 20
5776 253500 48
5776 255000 48
5776 256500 49
5776 258000 49
5776 259500 49
5776 261000 48
5776 262500 47
5776 264000 45
5776 265500 43
5776 267000 40
5776 268500 37
5776 270000 33
5776 271500 28
5776 273000 24
5776 274500 22
5776 510000 35
5776 511500 36
5776 513000 37
5776 514500 37
5776 516000 38
5776 517500 38
5776 519000 37
5776 520500 37
5776 522000 35
5776 523500 34
5776 525000 32
5776 526500 30
5776 528000 27
5776 529500 25
5776 531000 22
5776 766500 22
5776 768000 23
5776 769500 24
5776 771000 24
5776 772500 24
5776 774000 24
5776 775500 24
5776 777000 23
5776 778500 22
5776 780000 21
5786 255000 48
5786 256500 49
5786 258000 49
5786 259500 49
5786 261000 49
5786 262500 48
5786 264000 47
5786 265500 45
5786 267000 43
5786 268500 40
5786 270000 36
5786 271500 32
5786 273000 26
5786 274500 19
5786 502500 29
5786 504000 30
5786 505500 31
5786 507000 32
5786 508500 32
5786 510000 32
5786 511500 31
5786 513000 31
5786 514500 31
5786 516000 30
5786 517500 30
5786 519000 29
5786 520500 28
5786 522000 27
5786 523500 26
5786 525000 25
5786 526500 23
5786 528000 21
5786 529500 19
5816 259500 42
5816 261000 42
5816 262500 42
5816 264000 41
5816 265500 40
5816 267000 39
5816 268500 36
5816 270000 33
5816 271500 30
5816 273000 25
5816 274500 20
5816 501000 31
5816 502500 32
5816 504000 33
5816 505500 33
5816 507000 33
5816 508500 33
5816 510000 32
5816 511500 32
5816 513000 33
5816 514500 33
5816 516000 34
5816 517500 34
5816 519000 34
5816 520500 33
5816 522000 32
5816 523500 30
5816 525000 28
5816 526500 26
5816 528000 23
5816 529500 20
5816 531000 17
5816 754500 18
5816 756000 18
5816 757500 18
5816 759000 19
5816 760500 19
5816 762000 20
5816 763500 20
5816 765000 21
5816 766500 20
5816 768000 20
5816 769500 18
5816 771000 17
5835 501000 28
5835 502500 29
5835 504000 30
5835 505500 30
5835 507000 30
5835 508500 29
5835 510000 28
5835 511500 28
5835 513000 28
5835 514500 29
5835 516000 30
5835 517500 31
5835 519000 31
5835 520500 31
5835 522000 30
5835 523500 28
5835 525000 26
5835 526500 24
5835 528000 21
5835 529500 17
5858 256500 47
5858 258000 47
5858 259500 48
5858 261000 48
5858 262500 47
5858 264000 46
5858 265500 45
5858 267000 42
5858 268500 39
5858 270000 35
5858 271500 29
5858 508500 43
5858 510000 45
5858 511500 45
5858 513000 46
5858 514500 45
5858 516000 45
5858 517500 43
5858 519000 42
5858 520500 41
5858 522000 39
5858 523500 37
5858 525000 33
5858 526500 28
5896 261000 34
5896 262500 34
5896 264000 34
5896 265500 32
5896 267000 30
5896 268500 27
5896 270000 24
5896 271500 20
5896 504000 34
5896 505500 36
5896 507000 36
5896 508500 36
5896 510000 36
5896 511500 35
5896 513000 34
5896 514500 33
5896 516000 33
5896 517500 32
5896 519000 32
5896 520500 30
5896 522000 29
5896 523500 26
5896 525000 23
5896 526500 19
5896 757500 19
5896 759000 19
5896 760500 20
5896 762000 20
5896 763500 22
5896 765000 22
5896 766500 22
5896 768000 22
5896 769500 22
5896 771000 21
5896 772500 21
5896 774000 20
5896 775500 19
5896 777000 19
5896 778500 17
5916 501000 27
5916 502500 28
5916 504000 29
5916 505500 29
5916 507000 28
5916 508500 25
5916 510000 22
5916 511500 18
5916 513000 20
5916 514500 24
5916 516000 26
5916 517500 27
5916 519000 27
5916 520500 27
5916 522000 25
5916 523500 24
5916 525000 22
5916 526500 20
5937 499500 35
5937 501000 36
5937 502500 37
5937 504000 38
5937 505500 38
5937 507000 38
5937 508500 38
5937 510000 37
5937 511500 36
5937 513000 35
5937 514500 34
5937 516000 33
5937 517500 31
5937 519000 29
5937 520500 27
5937 522000 24
5937 523500 21
5937 762000 21
5937 763500 21
5937 765000 22
5937 766500 22
5937 768000 22
5937 769500 21
5959 498000 22
5959 499500 23
5959 501000 24
5959 502500 25
5959 504000 25
5959 505500 24
5959 507000 23
5959 508500 21
5959 510000 18
5959 514500 24
5959 516000 25
5959 517500 25
5959 519000 25
5959 520500 24
5959 522000 23
5959 523500 21
5959 525000 19
5959 526500 17
5972 501000 38
5972 502500 39
5972 504000 40
5972 505500 40
5972 507000 40
5972 508500 40
5972 510000 40
5972 511500 39
5972 513000 38
5972 514500 37
5972 516000 36
5972 517500 34
5972 519000 31
5972 520500 29
5972 522000 25
5972 523500 22
5972 742500 20
5972 744000 20
5972 745500 20
5972 747000 21
5972 748500 21
5972 750000 21
5972 751500 21
5972 753000 21
5972 754500 22
5972 756000 21
5972 757500 21
5972 759000 21
5972 760500 21
5972 762000 22
5972 763500 22
5972 765000 22
5972 766500 22
5972 768000 21
5972 769500 20
5988 499500 36
5988 501000 36
5988 502500 37
5988 504000 38
5988 505500 38
5988 507000 38
5988 508500 38
5988 510000 37
5988 511500 36
5988 513000 35
5988 514500 33
5988 516000 31
5988 517500 29
5988 519000 27
5988 520500 24
5988 522000 21
5988 523500 18
5988 754500 19
5988 756000 20
5988 757500 21
5988 759000 22
5988 760500 21
5988 762000 22
5988 763500 21
5988 765000 21
5988 766500 21
5988 768000 20
5988 769500 19
5988 771000 18
5988 772500 17
5988 774000 15
6013 499500 36
6013 501000 37
6013 502500 38
6013 504000 38
6013 505500 39
6013 507000 39
6013 508500 39
6013 510000 39
6013 511500 38
6013 513000 37
6013 514500 36
6013 516000 35
6013 517500 33
6013 519000 30
6013 520500 28
6013 522000 24
6013 523500 22
6013 525000 20
6013 526500 19
6013 528000 17
6039 261000 36
6039 262500 36
6039 264000 35
6039 265500 34
6039 267000 32
6039 268500 31
6039 270000 28
6039 271500 26
6039 273000 22
6039 274500 20
6051 261000 38
6051 262500 38
6051 264000 37
6051 265500 36
6051 267000 33
6051 268500 31
6051 270000 26
6051 271500 21
6051 495000 37
6051 496500 38
6051 498000 39
6051 499500 39
6051 501000 39
6051 502500 39
6051 504000 39
6051 505500 39
6051 507000 39
6051 508500 39
6051 510000 38
6051 511500 37
6051 513000 36
6051 514500 34
6051 516000 32
6051 517500 29
6051 519000 26
6051 520500 24
6051 522000 22
6051 523500 20
6070 235500 46
6070 237000 48
6070 238500 48
6070 240000 48
6070 241500 48
6070 243000 48
6070 244500 48
6070 246000 48
6070 247500 48
6070 249000 48
6070 250500 48
6070 252000 47
6070 253500 45
6070 255000 42
6070 256500 38
6070 258000 32
6070 259500 26
6070 469500 29
6070 471000 31
6070 472500 32
6070 474000 32
6070 475500 32
6070 477000 32
6070 478500 31
6070 480000 30
6070 481500 29
6070 483000 29
6070 484500 28
6070 486000 27
6070 487500 25
6070 489000 24
6108 753000 21
6108 754500 22
6108 756000 23
6108 757500 23
6108 759000 23
6108 760500 23
6108 762000 23
6108 763500 22
6108 765000 21
6122 498000 43
6122 499500 44
6122 501000 45
6122 502500 46
6122 504000 46
6122 505500 46
6122 507000 45
6122 508500 44
6122 510000 43
6122 511500 41
6122 513000 39
6122 514500 37
6122 516000 34
6122 517500 30
6122 519000 26
6122 520500 22
6122 522000 19
6122 744000 25
6122 745500 25
6122 747000 26
6122 748500 26
6122 750000 27
6122 751500 27
6122 753000 27
6122 754500 27
6122 756000 27
6122 757500 27
6122 759000 27
6122 760500 26
6122 762000 25
6122 763500 25
6122 765000 24
6122 766500 23
6122 768000 21
6122 769500 20
6122 771000 19
6148 498000 48
6148 499500 49
6148 501000 50
6148 502500 50
6148 504000 50
6148 505500 50
6148 507000 50
6148 508500 49
6148 510000 48
6148 511500 46
6148 513000 44
6148 514500 42
6148 516000 39
6148 517500 36
6148 519000 32
6148 520500 29
6148 522000 26
6148 523500 23
6148 756000 26
6148 757500 27
6148 759000 28
6148 760500 28
6148 762000 29
6148 763500 28
6148 765000 28
6148 766500 27
6148 768000 26
6148 769500 25
6148 771000 24
6148 772500 24
6148 774000 23
6179 498000 46
6179 499500 47
6179 501000 48
6179 502500 48
6179 504000 48
6179 505500 48
6179 507000 47
6179 508500 46
6179 510000 45
6179 511500 43
6179 513000 41
6179 514500 38
6179 516000 35
6179 517500 31
6179 519000 26
6179 520500 21
6179 522000 18
6179 523500 16
6179 736500 16
6179 738000 18
6179 739500 18
6179 741000 18
6179 742500 18
6179 754500 26
6179 756000 27
6179 757500 28
6179 759000 29
6179 760500 29
6179 762000 29
6179 763500 28
6179 765000 27
6179 766500 26
6179 768000 23
6179 769500 21
6179 771000 17
6193 750000 20
6193 751500 21
6193 753000 22
6193 754500 22
6193 756000 22
6193 757500 22
6193 759000 22
6193 760500 22
6193 762000 21
6193 763500 21
6193 765000 21
6193 766500 19
6193 768000 19
6212 493500 37
6212 495000 38
6212 496500 39
6212 498000 40
6212 499500 40
6212 501000 40
6212 502500 40
6212 504000 40
6212 505500 40
6212 507000 39
6212 508500 39
6212 510000 38
6212 511500 36
6212 513000 35
6212 514500 33
6212 516000 30
6212 517500 27
6212 519000 22
6212 520500 18
6212 741000 23
6212 742500 25
6212 744000 26
6212 745500 26
6212 747000 26
6212 748500 26
6212 750000 25
6212 751500 25
6212 753000 23
6212 754500 21
6212 756000 19
6228 496500 40
6228 498000 41
6228 499500 42
6228 501000 42
6228 502500 43
6228 504000 42
6228 505500 42
6228 507000 41
6228 508500 40
6228 510000 39
6228 511500 38
6228 513000 36
6228 514500 34
6228 516000 32
6228 517500 29
6228 519000 27
6228 520500 25
6228 522000 24
6228 523500 23
6228 525000 22
6228 526500 20
6228 738000 24
6228 739500 25
6228 741000 26
6228 742500 26
6228 744000 27
6228 745500 27
6228 747000 26
6228 748500 26
6228 750000 25
6228 751500 23
6228 753000 22
6246 496500 48
6246 498000 49
6246 499500 49
6246 501000 50
6246 502500 50
6246 504000 49
6246 505500 48
6246 507000 47
6246 508500 46
6246 510000 44
6246 511500 41
6246 513000 38
6246 514500 35
6246 516000 31
6246 517500 28
6246 519000 24
6246 520500 22
6246 522000 20
6246 757500 20
6246 759000 21
6246 760500 22
6246 762000 22
6246 763500 22
6246 765000 22
6246 766500 21
6246 768000 19
6246 769500 19
6277 247500 47
6277 249000 48
6277 250500 49
6277 252000 50
6277 253500 50
6277 255000 50
6277 256500 49
6277 258000 49
6277 259500 47
6277 261000 46
6277 262500 44
6277 264000 41
6277 265500 37
6277 267000 33
6277 268500 27
6277 270000 21
6277 493500 47
6277 495000 48
6277 496500 49
6277 498000 49
6277 499500 49
6277 501000 49
6277 502500 49
6277 504000 48
6277 505500 47
6277 507000 45
6277 508500 43
6277 510000 41
6277 511500 39
6277 513000 36
6277 514500 33
6277 516000 30
6277 517500 27
6277 519000 24
6277 520500 22
6277 745500 25
6277 747000 26
6277 748500 27
6277 750000 27
6277 751500 27
6277 753000 27
6277 754500 27
6277 756000 27
6277 757500 26
6277 759000 26
6277 760500 25
6277 762000 24
6277 763500 23
6277 765000 22
6277 766500 21
6277 768000 20
6294 247500 48
6294 249000 49
6294 250500 49
6294 252000 50
6294 253500 50
6294 255000 50
6294 256500 49
6294 258000 48
6294 259500 47
6294 261000 45
6294 262500 43
6294 264000 40
6294 265500 37
6294 267000 33
6294 268500 28
6294 270000 22
6294 271500 19
6294 495000 48
6294 496500 49
6294 498000 50
6294 499500 50
6294 501000 50
6294 502500 50
6294 504000 49
6294 505500 48
6294 507000 47
6294 508500 45
6294 510000 43
6294 511500 40
6294 513000 37
6294 514500 33
6294 516000 28
6294 517500 24
6294 519000 21
6294 520500 20
6294 522000 19
6311 244500 45
6311 246000 46
6311 247500 46
6311 249000 47
6311 250500 47
6311 252000 47
6311 253500 47
6311 255000 46
6311 256500 46
6311 258000 45
6311 259500 43
6311 261000 41
6311 262500 39
6311 264000 36
6311 265500 33
6311 267000 28
6311 268500 23
6311 270000 17
6311 486000 36
6311 487500 37
6311 489000 37
6311 490500 37
6311 492000 37
6311 493500 37
6311 495000 37
6311 496500 37
6311 498000 37
6311 499500 38
6311 501000 38
6311 502500 38
6311 504000 38
6311 505500 37
6311 507000 37
6311 508500 35
6311 510000 34
6311 511500 32
6311 513000 29
6311 514500 26
6311 516000 22
6311 517500 18
6311 738000 20
6311 739500 21
6311 741000 22
6311 742500 23
6311 744000 23
6311 745500 23
6311 747000 23
6311 748500 22
6311 750000 20
6311 751500 19
6311 753000 18
6311 754500 17
6337 492000 39
6337 493500 40
6337 495000 41
6337 496500 41
6337 498000 42
6337 499500 42
6337 501000 42
6337 502500 41
6337 504000 40
6337 505500 39
6337 507000 38
6337 508500 37
6337 510000 35
6337 511500 33
6337 513000 30
6337 514500 28
6337 516000 26
6337 517500 24
6337 519000 23
6337 520500 22
6337 522000 21
6337 523500 20
6337 525000 20
6337 526500 19
6337 528000 18
6337 529500 18
6337 531000 17
6337 532500 17
6337 751500 18
6337 753000 19
6337 754500 19
6337 756000 20
6337 757500 20
6337 759000 20
6337 760500 19
6337 762000 18
6337 763500 17
6337 765000 16
6337 766500 14
6352 499500 27
6352 501000 28
6352 502500 29
6352 504000 30
6352 505500 30
6352 507000 30
6352 508500 29
6352 510000 27
6352 511500 26
6352 513000 24
6352 514500 22
6352 516000 22
6352 517500 21
6352 519000 21
6352 520500 21
6352 522000 22
6352 523500 22
6352 525000 22
6352 526500 22
6352 528000 22
6352 529500 22
6352 531000 21
6352 532500 20
6352 534000 19
6352 535500 18
6366 493500 43
6366 495000 44
6366 496500 45
6366 498000 45
6366 499500 45
6366 501000 45
6366 502500 45
6366 504000 44
6366 505500 42
6366 507000 41
6366 508500 39
6366 510000 36
6366 511500 33
6366 513000 30
6366 514500 26
6366 516000 23
6366 517500 22
6366 735000 19
6366 736500 19
6366 738000 19
6366 739500 20
6366 741000 21
6366 742500 21
6366 744000 21
6366 745500 22
6366 747000 22
6366 748500 21
6366 750000 21
6366 751500 21
6366 753000 20
6366 754500 19
6366 756000 18
6366 757500 17
6366 759000 16
6383 478500 26
6383 480000 27
6383 481500 28
6383 483000 28
6383 484500 28
6383 486000 28
6383 487500 28
6383 489000 28
6383 490500 28
6383 492000 29
6383 493500 29
6383 495000 28
6383 496500 27
6383 498000 27
6383 499500 25
6383 501000 24
6383 502500 22
6383 504000 19
6383 505500 16
6383 507000 15
6383 508500 17
6383 510000 19
6383 511500 19
6383 513000 20
6383 514500 19
6383 516000 17
6383 517500 15
6401 484500 38
6401 486000 39
6401 487500 40
6401 489000 41
6401 490500 41
6401 492000 41
6401 493500 41
6401 495000 41
6401 496500 41
6401 498000 40
6401 499500 40
6401 501000 39
6401 502500 38
6401 504000 37
6401 505500 35
6401 507000 33
6401 508500 30
6401 510000 27
6401 511500 24
6401 513000 20
6401 514500 18
6401 733500 18
6401 735000 18
6401 736500 19
6401 738000 19
6401 739500 19
6401 741000 20
6401 742500 21
6401 744000 21
6401 745500 21
6401 747000 21
6401 748500 21
6401 750000 21
6401 751500 21
6401 753000 21
6401 754500 21
6401 756000 21
6401 757500 20
6401 759000 19
6401 760500 19
6401 762000 19
6401 763500 18
6401 765000 17
6420 517500 22
6420 519000 22
6420 520500 22
6420 522000 21
6420 523500 19
6420 525000 17
6456 492000 41
6456 493500 42
6456 495000 43
6456 496500 43
6456 498000 43
6456 499500 43
6456 501000 42
6456 502500 41
6456 504000 39
6456 505500 37
6456 507000 34
6456 508500 30
6456 510000 26
6456 511500 21
6456 513000 18
6456 753000 19
6456 754500 20
6456 756000 20
6456 757500 20
6456 759000 21
6456 760500 21
6456 762000 20
6456 763500 19
6516 246000 51
6516 247500 52
6516 249000 53
6516 250500 53
6516 252000 53
6516 253500 53
6516 255000 52
6516 256500 50
6516 258000 49
6516 259500 47
6516 261000 44
6516 262500 41
6516 264000 37
6516 265500 33
6526 489000 34
6526 490500 35
6526 492000 35
6526 493500 35
6526 495000 36
6526 496500 36
6526 498000 36
6526 499500 35
6526 501000 35
6526 502500 35
6526 504000 35
6526 505500 35
6526 507000 34
6526 508500 33
6526 510000 31
6526 511500 29
6526 513000 26
6526 514500 22
6526 516000 17
6526 517500 14
6556 492000 41
6556 493500 42
6556 495000 43
6556 496500 43
6556 498000 43
6556 499500 43
6556 501000 42
6556 502500 41
6556 504000 39
6556 505500 38
6556 507000 36
6556 508500 34
6556 510000 31
6556 511500 29
6556 513000 27
6556 514500 25
6556 516000 24
6556 517500 23
6556 519000 23
6556 520500 22
6556 522000 21
6556 523500 19
6556 525000 18
6577 748500 17
6577 750000 18
6577 751500 19
6577 753000 19
6577 754500 19
6577 756000 18
6577 757500 18
6577 759000 18
6577 760500 17
6589 741000 18
6589 742500 19
6589 744000 20
6589 745500 20
6589 747000 21
6589 748500 20
6589 750000 20
6589 751500 19
6589 753000 18
6589 754500 17
6589 756000 16
6610 579000 17
6610 580500 18
6610 582000 19
6610 583500 19
6610 585000 19
6610 586500 19
6610 588000 18
6610 589500 17
6610 591000 17
6610 592500 17
6610 594000 18
6610 595500 17
6610 597000 17
6610 598500 18
6674 744000 20
6674 745500 21
6674 747000 21
6674 748500 21
6674 750000 22
6674 751500 21
6674 753000 20
6674 754500 19
6674 756000 18
6674 757500 17
6674 759000 16
6674 760500 15
6723 505500 30
6723 507000 32
6723 508500 32
6723 510000 32
6723 511500 32
6723 513000 31
6723 514500 29
6723 516000 27
6723 517500 25
6741 549000 14
6741 550500 14
6741 552000 16
6741 553500 16
6741 555000 15
6741 556500 15
6762 247500 49
6762 249000 50
6762 250500 51
6762 252000 51
6762 253500 51
6762 255000 51
6762 256500 51
6762 258000 51
6762 259500 51
6762 261000 50
6762 262500 49
6762 264000 48
6762 265500 46
6762 267000 43
6762 268500 40
6762 270000 36
6762 271500 31
6762 273000 27
6762 274500 25
6762 276000 23
6762 277500 22
6762 279000 21
6762 552000 21
6762 553500 20
6762 555000 21
6762 556500 21
6762 558000 21
6762 559500 21
6762 561000 20
6813 492000 34
6813 493500 35
6813 495000 36
6813 496500 36
6813 498000 36
6813 499500 35
6813 501000 34
6813 502500 33
6813 504000 32
6813 505500 30
6813 507000 29
6813 508500 26
6813 510000 24
6813 511500 23
6837 489000 28
6837 490500 29
6837 492000 30
6837 493500 30
6837 495000 30
6837 496500 29
6837 498000 28
6837 499500 28
6837 501000 28
6837 502500 28
6837 504000 29
6837 505500 29
6837 507000 29
6837 508500 28
6856 249000 44
6856 250500 46
6856 252000 46
6856 253500 46
6856 255000 45
6856 256500 42
6856 258000 40
6856 261000 43
6856 262500 45
6856 264000 46
6856 265500 46
6856 267000 45
6856 268500 43
6856 270000 40
6856 271500 37
6856 273000 32
6856 274500 25
6856 276000 19
6856 277500 17
6856 279000 15
6856 492000 30
6856 493500 30
6856 495000 30
6856 496500 29
6856 498000 27
6856 499500 26
6856 501000 27
6856 502500 29
6856 504000 31
6856 505500 31
6856 507000 31
6856 508500 30
6856 510000 28
6856 511500 24
6856 513000 22
6856 516000 24
6856 517500 26
6856 519000 26
6856 520500 25
6856 522000 23
6856 523500 21
6856 525000 18
6895 249000 41
6895 250500 42
6895 252000 43
6895 253500 43
6895 255000 43
6895 256500 43
6895 258000 42
6895 259500 42
6895 261000 42
6895 262500 43
6895 264000 43
6895 265500 43
6895 267000 43
6895 268500 41
6895 270000 40
6895 271500 37
6895 273000 33
6895 274500 28
6895 276000 22
6910 543000 15
6910 544500 17
6910 546000 17
6910 547500 18
6910 549000 17
6910 550500 18
6910 552000 17
6910 553500 16
6910 555000 14
6921 492000 20
6921 493500 21
6921 495000 21
6921 496500 21
6921 498000 20
6921 499500 18
6921 501000 14
6921 502500 14
6921 504000 17
6921 505500 20
6921 507000 22
6921 508500 22
6921 510000 22
6921 511500 21
6921 513000 20
6921 514500 19
6921 516000 16
6921 517500 13
6978 234000 20
6978 235500 21
6978 237000 19
6978 238500 19
6978 250500 55
6978 252000 56
6978 253500 57
6978 255000 57
6978 256500 57
6978 258000 57
6978 259500 56
6978 261000 54
6978 262500 53
6978 264000 51
6978 265500 49
6978 267000 48
6978 268500 46
6978 270000 44
6978 271500 42
6978 273000 40
6978 274500 36
6978 276000 32
6978 277500 26
6978 279000 19
6978 498000 35
6978 499500 36
6978 501000 37
6978 502500 37
6978 504000 37
6978 505500 36
6978 507000 35
6978 508500 34
6978 510000 33
6978 745500 17
6978 747000 18
6978 748500 19
6978 750000 19
6978 751500 19
6978 753000 19
6978 754500 19
6978 756000 18
6978 757500 16
6978 759000 16
6990 249000 53
6990 250500 55
6990 252000 55
6990 253500 56
6990 255000 56
6990 256500 56
6990 258000 56
6990 259500 56
6990 261000 55
6990 262500 55
6990 264000 54
6990 265500 52
6990 267000 50
6990 268500 48
6990 270000 45
6990 271500 41
6990 273000 38
6990 274500 36
6990 499500 36
6990 501000 37
6990 502500 37
6990 504000 37
6990 505500 37
6990 507000 36
7007 249000 52
7007 250500 54
7007 252000 54
7007 253500 55
7007 255000 54
7007 256500 54
7007 258000 53
7007 259500 53
7007 261000 52
7007 262500 52
7007 264000 52
7007 265500 51
7007 267000 50
7007 268500 48
7007 270000 46
7007 271500 44
7007 273000 41
7007 274500 38
7007 276000 35
7024 249000 54
7024 250500 55
7024 252000 56
7024 253500 56
7024 255000 56
7024 256500 56
7024 258000 55
7024 259500 55
7024 261000 54
7024 262500 54
7024 264000 53
7024 265500 52
7024 267000 51
7024 268500 50
7024 270000 48
7024 271500 46
7024 273000 43
7024 274500 40
7024 276000 35
7024 277500 30
7024 279000 24
7024 280500 20
7024 282000 19
7024 283500 19
7024 285000 18
7024 496500 30
7024 498000 31
7024 499500 31
7024 501000 31
7024 502500 31
7024 504000 30
7024 505500 28
7024 507000 26
7024 508500 24
7024 510000 21
7024 511500 17
7073 498000 31
7073 499500 32
7073 501000 31
7073 502500 31
7073 504000 31
7073 505500 31
7073 507000 31
7084 250500 51
7084 252000 52
7084 253500 53
7084 255000 53
7084 256500 53
7084 258000 52
7084 259500 52
7084 261000 51
7084 262500 51
7084 264000 51
7084 265500 50
7084 267000 50
7084 268500 49
7084 270000 48
7084 271500 47
7084 273000 45
7084 274500 42
7084 276000 39
7136 252000 49
7136 253500 51
7136 255000 51
7136 256500 51
7136 258000 51
7136 259500 51
7136 261000 50
7136 262500 49
7136 264000 48
7136 265500 47
7136 267000 46
7136 268500 45
7136 270000 44
7136 271500 43
7136 273000 42
7136 274500 40
7136 276000 38
7136 277500 36
7136 279000 33
7136 280500 29
7136 282000 24
7136 501000 30
7136 502500 31
7136 504000 32
7136 505500 32
7136 507000 32
7136 508500 32
7136 510000 31
7136 511500 30
7136 513000 28
7136 514500 26
7136 516000 23
7136 517500 20
7145 246000 34
7145 247500 35
7145 249000 36
7145 250500 36
7145 252000 34
7145 253500 32
7145 255000 30
7145 256500 29
7145 258000 31
7145 259500 34
7145 261000 35
7145 262500 36
7145 264000 35
7145 265500 34
7145 267000 32
7145 268500 30
7145 270000 27
7145 271500 26
7177 252000 51
7177 253500 52
7177 255000 53
7177 256500 53
7177 258000 53
7177 259500 52
7177 261000 51
7177 262500 50
7177 264000 48
7177 265500 47
7177 267000 45
7177 268500 43
7177 270000 41
7177 271500 39
7177 273000 37
7177 274500 35
7177 276000 33
7177 277500 31
7177 279000 29
7177 280500 26
7177 282000 22
7177 283500 17
7177 501000 35
7177 502500 36
7177 504000 37
7177 505500 37
7177 507000 37
7177 508500 37
7177 510000 36
7177 511500 35
7177 513000 33
7177 514500 31
7177 516000 28
7177 517500 25
7177 519000 21
7177 520500 19
7177 522000 18
7177 523500 17
7189 250500 49
7189 252000 50
7189 253500 51
7189 255000 51
7189 256500 51
7189 258000 51
7189 259500 50
7189 261000 49
7189 262500 48
7189 264000 46
7189 265500 44
7189 267000 42
7189 268500 41
7189 270000 40
7189 271500 39
7189 273000 38
7189 274500 37
7189 276000 36
7189 277500 35
7189 279000 33
7189 280500 31
7189 282000 29
7189 283500 26
7189 285000 23
7189 286500 18
7189 501000 31
7189 502500 32
7189 504000 33
7189 505500 33
7189 507000 33
7189 508500 33
7189 510000 32
7189 511500 31
7189 513000 30
7189 514500 28
7189 516000 26
7189 517500 24
7189 519000 21
7189 520500 19
7189 522000 18
7189 523500 17
7207 250500 49
7207 252000 50
7207 253500 51
7207 255000 52
7207 256500 52
7207 258000 51
7207 259500 51
7207 261000 49
7207 262500 48
7207 264000 46
7207 265500 43
7207 267000 42
7207 268500 41
7207 502500 36
7207 504000 37
7207 505500 38
7207 507000 38
7207 508500 38
7207 510000 37
7207 511500 37
7207 513000 35
7207 514500 34
7207 516000 32
7207 517500 29
7207 519000 27
7207 520500 24
7207 522000 20
7207 523500 18
7221 252000 52
7221 253500 53
7221 255000 54
7221 256500 54
7221 258000 54
7221 259500 53
7221 261000 52
7221 262500 51
7221 264000 49
7221 265500 47
7221 267000 45
7221 268500 44
7221 270000 43
7221 501000 33
7221 502500 34
7221 504000 35
7221 505500 36
7221 507000 36
7221 508500 36
7221 510000 35
7221 511500 34
7221 513000 33
7221 514500 31
7221 516000 29
7221 517500 26
7221 519000 23
7221 520500 20
7259 247500 41
7259 249000 42
7259 250500 42
7259 252000 42
7259 253500 40
7259 255000 38
7259 256500 34
7259 258000 34
7259 261000 40
7259 262500 41
7259 264000 42
7259 265500 42
7259 267000 41
7259 268500 39
7259 270000 37
7259 271500 34
7259 273000 31
7259 274500 27
7259 276000 23
7259 277500 24
7259 279000 28
7259 280500 30
7259 282000 31
7259 283500 31
7259 285000 31
7259 286500 29
7259 288000 27
7259 289500 24
7276 247500 46
7276 249000 47
7276 250500 48
7276 252000 48
7276 253500 47
7276 255000 46
7276 256500 46
7276 258000 46
7276 259500 47
7276 261000 48
7276 262500 48
7276 264000 47
7276 265500 46
7276 267000 44
7276 268500 42
7276 270000 40
7276 271500 38
7276 273000 37
7276 274500 36
7276 276000 35
7276 501000 29
7276 502500 30
7276 504000 30
7276 505500 30
7276 507000 29
7276 508500 28
7276 510000 28
7276 511500 29
7276 513000 30
7276 514500 30
7276 516000 30
7276 517500 29
7276 519000 27
7276 520500 25
7276 522000 22
7292 252000 54
7292 253500 56
7292 255000 56
7292 256500 57
7292 258000 57
7292 259500 57
7292 261000 56
7292 262500 55
7292 264000 54
7292 265500 52
7292 267000 50
7292 268500 48
7292 270000 45
7292 271500 42
7292 273000 41
7292 502500 32
7292 504000 33
7292 505500 34
7292 507000 34
7292 508500 34
7292 510000 33
7292 511500 33
7292 513000 31
7292 514500 29
7292 516000 27
7292 517500 23
7292 523500 21
7292 525000 22
7292 526500 23
7292 528000 23
7292 529500 23
7292 531000 22
7292 532500 22
7292 534000 22
7292 535500 21
7292 537000 21
7292 538500 20
7292 540000 19
7292 549000 21
7292 550500 22
7292 552000 23
7292 553500 23
7292 555000 23
7292 556500 23
7292 558000 23
7292 559500 22
7292 561000 21
7292 562500 20
7292 564000 20
7292 565500 19
7314 253500 59
7314 255000 60
7314 256500 61
7314 258000 61
7314 259500 61
7314 261000 60
7314 262500 59
7314 264000 58
7314 265500 56
7314 267000 54
7314 268500 51
7314 270000 47
7314 271500 43
7314 273000 41
7314 274500 41
7314 504000 36
7314 505500 37
7314 507000 38
7314 508500 39
7314 510000 38
7314 511500 38
7314 513000 37
7314 514500 36
7314 516000 34
7314 517500 32
7314 519000 29
7314 520500 26
7314 522000 23
7336 249000 46
7336 250500 47
7336 252000 47
7336 253500 47
7336 255000 45
7336 256500 42
7336 258000 39
7336 262500 45
7336 264000 47
7336 265500 47
7336 267000 46
7336 268500 45
7336 270000 43
7336 271500 41
7336 273000 37
7336 274500 33
7336 276000 29
7336 277500 27
7336 279000 24
7336 280500 22
7336 282000 19
7336 283500 18
7336 499500 24
7336 501000 26
7336 502500 27
7336 504000 27
7336 505500 26
7336 507000 24
7336 508500 22
7336 510000 21
7336 511500 23
7336 513000 25
7336 514500 27
7336 516000 27
7336 517500 27
7336 519000 26
7336 520500 25
7336 522000 22
7336 523500 18
7362 253500 57
7362 255000 58
7362 256500 59
7362 258000 60
7362 259500 60
7362 261000 60
7362 262500 59
7362 264000 58
7362 265500 56
7362 267000 54
7362 268500 51
7362 270000 48
7362 271500 43
7362 273000 37
7362 274500 31
7362 276000 30
7362 507000 41
7362 508500 42
7362 510000 42
7362 511500 42
7362 513000 42
7362 514500 41
7362 516000 40
7362 517500 39
7362 519000 37
7362 520500 35
7362 522000 32
7362 523500 28
7362 525000 24
7382 237000 22
7382 238500 24
7382 240000 25
7382 241500 22
7382 253500 57
7382 255000 58
7382 256500 59
7382 258000 60
7382 259500 59
7382 261000 59
7382 262500 58
7382 264000 57
7382 265500 55
7382 267000 53
7382 268500 50
7382 270000 46
7382 271500 41
7382 273000 35
7382 274500 31
7382 505500 38
7382 507000 39
7382 508500 40
7382 510000 40
7382 511500 40
7382 513000 40
7382 514500 39
7382 516000 37
7382 517500 35
7382 519000 33
7382 520500 30
7382 522000 28
7382 523500 25
7382 525000 23
7382 526500 20
7382 528000 19
7416 255000 58
7416 256500 59
7416 258000 60
7416 259500 60
7416 261000 60
7416 262500 59
7416 264000 58
7416 265500 56
7416 267000 54
7416 268500 51
7416 270000 48
7416 271500 44
7416 273000 39
7416 274500 33
7416 508500 34
7416 510000 35
7416 511500 35
7416 513000 35
7416 514500 34
7416 516000 32
7445 291000 35
7445 292500 36
7445 294000 36
7445 295500 37
7445 297000 37
7445 298500 36
7445 300000 36
7445 301500 35
7445 303000 34
7445 304500 33
7470 252000 50
7470 253500 52
7470 255000 53
7470 256500 53
7470 258000 53
7470 259500 53
7470 261000 53
7470 262500 53
7470 264000 53
7470 265500 53
7470 267000 53
7470 268500 52
7470 270000 51
7470 271500 49
7470 273000 46
7470 274500 42
7470 276000 38
7470 277500 33
7470 279000 27
7470 280500 23
7470 282000 23
7470 283500 22
7470 508500 30
7470 510000 31
7470 511500 32
7470 513000 32
7470 514500 32
7470 516000 33
7470 517500 33
7470 519000 33
7470 520500 32
7470 522000 31
7470 523500 30
7470 525000 28
7470 526500 26
7470 528000 23
7470 529500 20
7470 531000 15
7516 252000 46
7516 253500 47
7516 255000 47
7516 256500 47
7516 258000 45
7516 259500 43
7516 261000 42
7516 264000 45
7516 265500 47
7516 267000 47
7516 268500 47
7516 270000 46
7516 271500 44
7516 273000 42
7516 274500 38
7516 276000 34
7516 277500 28
7516 279000 23
7516 280500 20
7516 282000 18
7516 508500 23
7516 510000 25
7516 511500 25
7516 513000 24
7516 514500 22
7516 516000 19
7516 517500 17
7516 519000 20
7516 520500 23
7516 522000 25
7516 523500 25
7516 525000 25
7516 526500 24
7516 528000 22
7516 529500 19
7536 303000 43
7536 304500 44
7536 306000 45
7536 307500 45
7536 309000 45
7536 310500 44
7536 312000 43
7536 313500 42
7536 315000 40
7536 316500 37
7536 318000 33
7536 319500 29
7536 321000 23
7536 598500 24
7536 600000 25
7536 601500 26
7536 603000 26
7536 604500 26
7536 606000 26
7536 607500 25
7536 609000 24
7536 610500 21
7536 643500 23
7536 645000 24
7536 646500 24
7536 648000 25
7536 649500 25
7536 651000 24
7536 652500 24
7536 654000 22
7536 655500 21
7559 258000 55
7559 259500 56
7559 261000 57
7559 262500 57
7559 264000 57
7559 265500 57
7559 267000 56
7559 268500 54
7559 270000 52
7559 271500 50
7559 273000 47
7559 274500 43
7559 276000 38
7559 277500 32
7559 517500 32
7559 519000 34
7559 520500 34
7559 522000 34
7559 523500 33
7559 525000 31
7576 256500 53
7576 258000 54
7576 259500 55
7576 261000 55
7576 262500 55
7576 264000 55
7576 265500 55
7576 267000 54
7576 268500 53
7576 270000 52
7590 258000 55
7590 259500 56
7590 261000 57
7590 262500 57
7590 264000 57
7590 265500 57
7590 267000 56
7590 268500 55
7590 270000 53
7590 271500 50
7590 273000 47
7590 274500 44
7590 276000 39
7590 277500 33
7590 279000 27
7590 280500 24
7590 516000 38
7590 517500 39
7590 519000 39
7590 520500 40
7590 522000 39
7590 523500 39
7590 525000 38
7590 526500 36
7590 528000 34
7590 529500 31
7590 531000 28
7590 532500 25
7590 534000 22
7590 535500 21
7615 259500 54
7615 261000 55
7615 262500 56
7615 264000 56
7615 265500 56
7615 267000 55
7615 268500 54
7615 270000 53
7615 271500 51
7615 273000 49
7615 274500 46
7615 276000 42
7615 277500 38
7615 279000 32
7615 280500 24
7615 282000 20
7615 520500 29
7615 522000 30
7615 523500 31
7615 525000 31
7615 526500 31
7615 528000 30
7615 529500 29
7615 531000 27
7615 532500 25
7615 534000 22
7615 543000 20
7615 544500 21
7615 546000 22
7615 547500 22
7615 549000 22
7615 550500 22
7615 552000 22
7615 553500 21
7615 555000 20
7631 259500 52
7631 261000 53
7631 262500 54
7631 264000 54
7631 265500 54
7631 267000 54
7631 268500 53
7631 270000 52
7631 271500 51
7659 255000 38
7659 256500 39
7659 258000 39
7659 259500 39
7659 261000 39
7659 262500 38
7659 264000 37
7659 265500 37
7659 267000 38
7659 268500 38
7659 270000 39
7659 271500 39
7659 273000 39
7659 274500 38
7659 276000 36
7659 277500 34
7659 279000 31
7659 280500 26
7659 282000 21
7659 283500 16
7659 285000 14
7659 286500 13
7679 262500 59
7679 264000 60
7679 265500 61
7679 267000 61
7679 268500 61
7679 270000 61
7679 271500 60
7679 273000 59
7679 274500 58
7679 276000 56
7689 261000 57
7689 262500 58
7689 264000 59
7689 265500 59
7689 267000 59
7689 268500 59
7689 270000 58
7689 271500 56
7689 273000 55
7689 274500 52
7689 276000 50
7689 277500 46
7689 279000 42
7689 280500 36
7689 282000 30
7689 283500 25
7689 285000 24
7689 286500 23
7689 288000 20
7689 523500 31
7689 525000 32
7689 526500 33
7689 528000 33
7689 529500 33
7689 531000 33
7689 532500 33
7689 534000 32
7689 535500 31
7689 537000 29
7689 538500 27
7689 540000 25
7689 541500 22
7689 543000 20
7719 255000 39
7719 256500 41
7719 258000 41
7719 259500 42
7719 261000 41
7719 262500 41
7719 264000 40
7719 265500 39
7719 267000 39
7719 268500 40
7719 270000 41
7719 271500 41
7719 273000 42
7719 274500 41
7719 276000 40
7719 277500 39
7719 279000 36
7719 280500 33
7719 282000 28
7719 283500 22
7719 285000 16
7719 286500 13
7719 519000 21
7719 520500 22
7719 522000 23
7719 523500 22
7719 525000 22
7719 526500 22
7719 528000 21
7719 529500 21
7719 531000 21
7719 532500 22
7719 534000 23
7719 535500 23
7719 537000 23
7719 538500 22
7719 540000 21
7719 541500 20
7719 543000 19
7719 544500 16
7719 546000 14
7736 360000 37
7736 361500 38
7736 363000 39
7736 364500 40
7736 366000 40
7736 367500 40
7736 369000 39
7736 370500 39
7736 372000 38
7736 373500 37
7736 375000 36
7736 376500 35
7736 378000 34
7736 379500 32
7736 381000 29
7736 382500 25
7736 384000 21
7748 373500 32
7748 375000 33
7748 376500 33
7748 378000 34
7748 379500 35
7748 381000 35
7748 382500 34
7748 384000 33
7748 385500 32
7748 387000 30
7748 388500 27
7748 390000 24
7748 391500 21
7778 261000 51
7778 262500 52
7778 264000 53
7778 265500 53
7778 267000 52
7778 268500 52
7778 270000 52
7778 271500 52
7778 273000 52
7778 274500 52
7778 276000 52
7778 277500 50
7778 279000 49
7778 280500 46
7778 282000 42
7778 283500 38
7778 285000 32
7778 286500 26
7778 288000 24
7778 525000 30
7778 526500 31
7778 528000 32
7778 529500 32
7778 531000 32
7778 532500 32
7778 534000 32
7778 535500 32
7778 537000 32
7778 538500 32
7778 540000 31
7778 541500 31
7778 543000 30
7778 544500 29
7778 546000 27
7778 547500 24
7797 264000 53
7797 265500 54
7797 267000 55
7797 268500 55
7797 270000 55
7797 271500 55
7797 273000 54
7797 274500 53
7797 276000 52
7797 277500 50
7797 279000 48
7797 280500 45
7797 282000 41
7797 283500 37
7797 285000 31
7797 286500 25
7797 288000 22
7797 289500 21
7797 291000 19
7797 526500 24
7797 528000 26
7797 529500 26
7797 531000 27
7797 532500 27
7797 534000 27
7797 535500 27
7797 537000 26
7797 538500 26
7797 540000 25
7797 541500 24
7797 543000 22
7797 544500 20
7812 262500 48
7812 264000 50
7812 265500 50
7812 267000 51
7812 268500 51
7812 270000 51
7812 271500 51
7812 273000 51
7812 274500 51
7812 276000 50
7812 277500 48
7812 279000 47
7812 280500 44
7812 282000 41
7812 283500 37
7812 285000 32
7812 286500 27
7812 288000 21
7812 289500 18
7812 529500 25
7812 531000 26
7812 532500 27
7812 534000 27
7812 535500 27
7812 537000 27
7812 538500 27
7812 540000 27
7812 541500 26
7812 543000 25
7812 544500 23
7812 546000 20
7812 547500 17
7872 267000 51
7872 268500 52
7872 270000 53
7872 271500 53
7872 273000 54
7872 274500 53
7872 276000 52
7872 277500 51
7872 279000 50
7872 280500 48
7872 282000 45
7872 283500 42
7872 285000 38
7872 286500 33
7872 288000 26
7896 268500 50
7896 270000 52
7896 271500 52
7896 273000 52
7896 274500 52
7896 276000 51
7896 277500 50
7896 279000 49
7896 280500 47
7896 282000 44
7896 283500 41
7896 285000 37
7896 286500 32
7896 288000 27
7896 289500 21
7896 541500 29
7896 543000 30
7896 544500 31
7896 546000 31
7896 547500 31
7896 549000 31
7896 550500 30
7896 552000 29
7896 553500 27
7896 555000 25
7896 556500 22
7927 270000 51
7927 271500 52
7927 273000 53
7927 274500 53
7927 276000 53
7927 277500 52
7927 279000 51
7927 280500 50
7927 282000 48
7927 283500 46
7927 285000 43
7927 286500 39
7927 288000 35
7927 289500 29
7927 291000 21
7927 540000 31
7927 541500 33
7927 543000 34
7927 544500 34
7927 546000 34
7927 547500 34
7927 549000 33
7927 550500 32
7927 552000 31
7927 553500 29
7927 555000 27
7927 556500 24
7927 558000 20
7945 265500 38
7945 267000 39
7945 268500 40
7945 270000 40
7945 271500 39
7945 273000 37
7945 274500 34
7945 276000 32
7945 277500 34
7945 279000 37
7945 280500 39
7945 282000 40
7945 283500 40
7945 285000 39
7945 286500 38
7945 288000 35
7945 289500 32
7945 291000 27
7945 292500 22
7945 294000 19
7945 295500 18
7965 267000 36
7965 268500 37
7965 270000 37
7965 271500 36
7965 273000 35
7965 274500 33
7965 276000 33
7965 277500 34
7965 279000 36
7965 280500 38
7965 282000 38
7965 283500 38
7965 285000 37
7965 286500 35
7965 288000 33
7965 289500 30
7965 291000 27
7965 292500 23
7965 294000 23
7996 271500 45
7996 273000 46
7996 274500 47
7996 276000 48
7996 277500 48
7996 279000 47
7996 280500 46
7996 282000 45
7996 283500 43
7996 285000 40
7996 286500 37
7996 288000 33
7996 289500 27
7996 291000 23
7996 292500 22
7996 294000 23
7996 295500 22
7996 550500 30
7996 552000 31
7996 553500 32
7996 555000 32
7996 556500 32
7996 558000 32
7996 559500 31
7996 561000 30
7996 562500 28
7996 564000 26
7996 565500 24
8019 271500 37
8019 273000 38
8019 274500 39
8019 276000 39
8019 277500 39
8019 279000 39
8019 280500 39
8019 282000 38
8019 283500 37
8019 285000 36
8019 286500 34
8019 288000 31
8019 289500 27
8019 291000 23
8019 292500 21
8019 294000 21
8019 550500 29
8019 552000 29
8019 553500 30
8019 555000 30
8019 556500 30
8019 558000 30
8019 559500 30
8019 561000 29
8019 562500 28
8019 564000 26
8019 565500 24
8019 567000 21
8019 568500 18
8055 276000 46
8055 277500 47
8055 279000 48
8055 280500 49
8055 282000 49
8055 283500 48
8055 285000 48
8055 286500 46
8055 288000 45
8055 289500 42
8055 291000 39
8055 292500 35
8055 294000 30
8055 295500 23
8055 553500 24
8055 555000 24
8055 556500 25
8055 558000 25
8055 559500 26
8055 561000 26
8055 562500 26
8055 564000 27
8055 565500 26
8055 567000 26
8055 568500 26
8055 570000 25
8055 571500 24
8055 573000 23
8055 574500 21
8055 615000 21
8055 616500 22
8055 618000 22
8055 619500 22
8055 621000 22
8055 622500 22
8055 624000 21
8069 240000 35
8069 241500 35
8069 243000 35
8069 244500 35
8069 246000 35
8069 247500 35
8069 249000 35
8069 250500 35
8069 252000 35
8069 253500 36
8069 255000 36
8069 256500 36
8069 258000 36
8069 259500 36
8069 261000 36
8069 262500 36
8069 264000 36
8069 265500 36
8069 267000 35
8069 279000 49
8069 280500 50
8069 282000 51
8069 283500 51
8069 285000 51
8069 286500 50
8069 288000 49
8069 289500 48
8069 291000 46
8069 292500 44
8069 294000 41
8069 295500 39
8069 297000 36
8081 277500 50
8081 279000 50
8081 280500 51
8081 282000 51
8081 283500 51
8081 285000 51
8081 286500 50
8081 288000 50
8114 274500 38
8114 276000 40
8114 277500 41
8114 279000 41
8114 280500 40
8114 282000 38
8114 283500 36
8114 285000 35
8114 286500 36
8114 288000 38
8114 289500 40
8114 291000 40
8114 292500 40
8114 294000 39
8114 295500 38
8114 297000 35
8114 298500 32
8114 300000 28
8114 301500 23
8114 303000 16
8114 559500 16
8114 561000 17
8114 562500 17
8114 564000 17
8114 565500 16
8114 567000 15
8114 573000 17
8114 574500 19
8114 576000 19
8114 577500 20
8114 579000 19
8114 580500 18
8114 582000 16
8114 583500 14
8135 276000 37
8135 277500 39
8135 279000 40
8135 280500 40
8135 282000 39
8135 283500 37
8135 285000 35
8156 277500 34
8156 279000 35
8156 280500 36
8156 282000 36
8156 283500 35
8156 285000 34
8156 286500 32
8156 288000 32
8156 289500 33
8156 291000 34
8156 292500 35
8156 294000 36
8156 295500 36
8156 297000 35
8156 298500 34
8156 300000 32
8156 301500 29
8156 303000 25
8156 304500 18
8173 285000 51
8173 286500 52
8173 288000 53
8173 289500 53
8173 291000 53
8173 292500 52
8173 294000 51
8173 295500 50
8173 297000 48
8173 298500 46
8173 300000 42
8173 301500 38
8173 303000 32
8219 289500 49
8219 291000 50
8219 292500 51
8219 294000 51
8219 295500 51
8219 297000 51
8219 298500 50
8219 300000 48
8219 301500 46
8219 303000 44
8219 304500 41
8219 306000 37
8219 307500 33
8219 309000 27
8219 310500 19
8219 585000 18
8219 586500 19
8219 588000 20
8219 589500 20
8219 591000 20
8219 592500 20
8219 594000 19
8219 595500 19
8219 597000 17
8219 598500 16
8219 654000 17
8219 655500 18
8219 657000 19
8219 658500 20
8219 660000 20
8219 661500 20
8219 663000 19
8219 664500 19
8219 666000 17
8254 652500 18
8254 654000 19
8254 655500 18
8254 657000 19
8254 658500 19
8254 660000 19
8254 661500 19
8254 663000 19
8267 295500 49
8267 297000 50
8267 298500 50
8267 300000 51
8267 301500 50
8267 303000 50
8267 304500 49
8267 306000 48
8267 307500 46
8267 309000 43
8267 310500 40
8267 312000 36
8267 313500 31
8267 315000 24
8267 645000 18
8267 646500 18
8267 648000 18
8267 649500 18
8267 651000 19
8267 652500 18
8267 658500 19
8267 660000 20
8267 661500 21
8267 663000 21
8267 664500 22
8267 666000 21
8267 667500 21
8267 669000 20
8267 670500 20
8267 672000 19
8280 295500 45
8280 297000 47
8280 298500 48
8280 300000 48
8280 301500 48
8280 303000 48
8280 304500 47
8280 306000 46
8280 307500 44
8280 309000 42
8280 310500 39
8280 312000 35
8280 313500 30
8280 315000 24
8280 316500 18
8280 589500 17
8280 591000 17
8280 592500 19
8280 594000 19
8280 595500 19
8280 597000 19
8280 598500 19
8280 600000 19
8280 601500 19
8280 603000 19
8280 604500 18
8280 606000 17
8280 607500 17
8317 300000 45
8317 301500 46
8317 303000 47
8317 304500 47
8317 306000 47
8317 307500 46
8317 309000 45
8317 310500 43
8317 312000 40
8358 307500 40
8358 309000 41
8358 310500 42
8358 312000 43
8358 313500 43
8358 315000 42
8358 316500 42
8358 318000 40
8358 319500 39
8358 321000 36
8358 322500 33
8358 324000 30
8358 325500 25
8358 327000 19
8358 616500 18
8358 618000 20
8358 619500 20
8358 621000 20
8358 622500 19
8358 624000 19
8358 625500 17
8358 627000 16
8370 307500 33
8370 309000 34
8370 310500 34
8370 312000 34
8370 313500 34
8370 315000 34
8370 316500 34
8370 318000 35
8370 319500 35
8370 321000 35
8370 322500 35
8370 324000 34
8370 325500 32
8370 327000 29
8370 328500 27
8370 330000 23
8370 331500 19
8370 333000 15
8398 315000 37
8398 316500 38
8398 318000 39
8398 319500 39
8398 321000 39
8398 322500 38
8398 324000 37
8398 325500 36
8398 327000 35
8398 328500 33
8398 330000 30
8398 331500 27
8398 333000 24
8398 334500 21
8398 336000 18
8415 319500 35
8415 321000 36
8415 322500 37
8415 324000 37
8415 325500 37
8415 327000 36
8415 328500 35
8415 330000 34
8415 331500 32
8415 333000 29
8415 334500 25
8415 336000 20
8415 633000 17
8415 634500 17
8415 636000 18
8415 637500 17
8415 639000 18
8415 640500 17
8415 642000 17
8415 643500 16
8455 330000 30
8455 331500 31
8455 333000 32
8455 334500 32
8455 336000 32
8455 337500 31
8455 339000 30
8455 340500 29
8455 342000 27
8455 343500 23
8455 345000 19
8455 652500 17
8455 654000 18
8455 655500 19
8455 657000 18
8455 658500 17
8455 660000 18
8467 337500 20
8467 339000 20
8467 340500 21
8467 342000 22
8467 343500 22
8467 345000 22
8467 346500 22
8467 348000 21
8467 349500 19
8517 357000 20
8517 358500 21
8517 360000 21
8517 361500 22
8517 363000 22
8517 364500 22
8517 366000 22
8517 367500 22
8517 369000 22
8517 370500 22
8517 372000 22
8517 373500 22
8517 375000 21
8517 376500 20
8529 370500 27
8529 372000 28
8529 373500 29
8529 375000 30
8529 376500 30
8529 378000 30
8529 379500 30
8529 381000 29
8529 382500 28
8529 384000 27
8529 385500 26
8529 387000 24
8529 388500 23
8529 390000 22
8529 391500 20
8529 393000 18
8529 394500 16
8559 420000 21
8559 421500 22
8559 423000 23
8559 424500 23
8559 426000 22
8559 427500 21
8576 462000 17
8576 463500 18
8576 465000 19
8576 466500 18
8576 468000 18
8576 469500 17
8576 471000 17
8576 472500 16
8576 474000 15
8771 712500 14
8771 714000 14
8771 715500 14
8771 717000 14
8771 718500 14
8771 720000 15
8771 721500 14
9016 535500 14
9016 537000 16
9016 538500 15
9016 540000 16
9016 541500 16
9016 543000 15
9352 408000 14
9352 409500 16
9352 411000 16
9352 412500 16
9352 414000 16
9352 415500 15
9451 700500 16
9451 702000 17
9451 703500 17
9451 705000 17
9451 706500 17
9451 708000 16
9558 552000 14
9558 553500 14
9558 555000 14
9558 556500 15
9558 558000 15
9558 559500 14
9558 561000 14
10065 754500 13
10065 756000 14
10065 757500 14
10065 759000 13
10065 760500 13
10065 762000 14
10065 763500 13
10065 765000 13
10065 766500 13
10065 768000 14
10065 769500 14
10065 771000 13
10065 772500 14
10065 774000 13
10065 804000 17
10065 805500 18
10065 807000 19
10065 808500 19
10065 810000 17
10065 811500 16
10134 789000 20
10134 790500 21
10134 792000 21
10134 793500 21
10134 795000 20
10134 796500 20
10214 451500 16
10214 453000 16
10214 454500 17
10214 456000 17
10214 457500 16
10214 459000 16
10214 787500 16
10214 789000 17
10214 790500 18
10214 792000 18
10214 793500 17
10214 795000 16
10343 799500 15
10343 801000 15
10343 802500 16
10343 804000 16
10343 805500 16
10343 807000 16
10343 808500 15
10372 786000 16
10372 787500 16
10372 789000 17
10372 790500 17
10372 792000 17
10372 793500 17
10372 795000 17
10372 796500 18
10372 798000 16
10372 799500 16
10488 790500 16
10488 792000 17
10488 793500 17
10488 795000 18
10488 796500 17
10488 798000 15
10488 799500 15
10488 801000 14
10613 798000 13
10613 799500 14
10613 801000 14
10613 802500 14
10613 804000 13
10613 805500 13
10787 646500 17
10787 648000 17
10787 649500 17
10787 651000 18
10787 652500 18
10787 654000 17
10787 655500 17
10787 657000 17
10787 658500 16
10787 660000 15
10787 661500 15
11794 613500 37
11794 615000 37
11794 616500 37
11794 618000 37
11794 619500 37
11794 621000 38
11794 622500 38
11794 624000 38
11794 625500 38
11794 627000 38
11794 628500 38
11794 630000 38
11794 631500 38
11794 633000 38
11794 634500 38
11794 636000 37
11794 637500 37
11794 639000 37
11794 640500 37
11794 642000 37
11794 643500 37
11794 645000 37
11794 646500 37
11794 648000 37
11794 649500 37
11794 651000 37
11794 652500 37
11794 654000 37
11794 655500 38
11794 657000 38
11794 658500 38
11794 660000 38
11794 661500 38
11794 663000 38
11794 664500 38
11794 666000 38
11794 667500 38
11794 669000 38
11794 670500 38
11794 672000 38
11794 673500 38
11794 675000 38
11794 676500 37
11794 678000 37
