1322 405000
1322 406500
1322 408000
1322 409500
1322 411000
1322 412500
1322 414000
1322 415500
1322 417000
2165 312000
2165 313500
2165 315000
2165 316500
2165 318000
2165 319500
2206 124500
2206 126000
2206 127500
2206 129000
2206 130500
2206 132000
2206 133500
2206 135000
3130 252000
3130 253500
3130 255000
3130 256500
3130 258000
3130 259500
3130 261000
3130 262500
3130 264000
3130 265500
3130 267000
3130 268500
3130 270000
3130 271500
3130 273000
3130 274500
3130 276000
3400 127500
3400 129000
3400 130500
3400 132000
3400 133500
3400 135000
3516 124500
3516 126000
3516 127500
3516 129000
3516 130500
3516 132000
3516 133500
3529 124500
3529 126000
3529 127500
3529 129000
3529 130500
3529 132000
3529 133500
3529 135000
3529 136500
3529 138000
3529 139500
3529 141000
3555 124500
3555 126000
3555 127500
3555 129000
3555 130500
3555 132000
3555 133500
3555 135000
3555 136500
3555 138000
3555 139500
3555 141000
3555 142500
3555 144000
3567 129000
3567 130500
3567 132000
3567 133500
3567 135000
3567 136500
3567 138000
3567 139500
3567 141000
3567 142500
3567 144000
3595 124500
3595 126000
3595 127500
3595 129000
3595 130500
3595 132000
3595 133500
3595 135000
3595 136500
3595 138000
3595 139500
3595 141000
3595 142500
3595 144000
3595 145500
3595 147000
3607 126000
3607 127500
3607 129000
3607 130500
3607 132000
3607 133500
3607 135000
3607 136500
3607 138000
3607 139500
3607 141000
3607 142500
3607 144000
3607 145500
3607 147000
3607 148500
3628 126000
3628 127500
3628 129000
3628 130500
3628 132000
3628 133500
3640 129000
3640 130500
3640 132000
3640 133500
3640 135000
3640 136500
3640 138000
3640 139500
3640 141000
3640 142500
3676 127500
3676 129000
3676 130500
3676 132000
3676 133500
3676 135000
3676 136500
3676 138000
3676 139500
3676 141000
3676 142500
3676 144000
3676 145500
3676 147000
3676 148500
3676 150000
3688 127500
3688 129000
3688 130500
3688 132000
3688 133500
3688 135000
3688 136500
3688 138000
3688 139500
3688 141000
3688 142500
3688 144000
3711 129000
3711 130500
3711 132000
3711 133500
3711 135000
3711 136500
3711 138000
3711 139500
3711 141000
3711 142500
3711 144000
3711 145500
3711 147000
3711 148500
3711 150000
3711 151500
3711 153000
3748 129000
3748 130500
3748 132000
3748 133500
3748 135000
3748 136500
3748 138000
3748 139500
3748 141000
3748 142500
3748 144000
3748 145500
3788 132000
3788 133500
3788 135000
3788 136500
3788 138000
3788 139500
3788 141000
3788 142500
3788 144000
3788 145500
3788 147000
3788 148500
3788 150000
3788 151500
3788 153000
3788 154500
3788 156000
3812 129000
3812 130500
3812 132000
3812 133500
3812 135000
3812 136500
3812 138000
3812 139500
3812 141000
3812 147000
3812 148500
3812 150000
3812 151500
3812 153000
3812 154500
3825 135000
3825 136500
3825 138000
3825 139500
3825 141000
3825 142500
3825 144000
3915 127500
3915 129000
3915 130500
3915 132000
3915 133500
3915 135000
4059 249000
4059 250500
4059 252000
4059 253500
4059 255000
4059 256500
4059 258000
4059 259500
4059 261000
4059 262500
4059 264000
4059 265500
4059 267000
4059 268500
4110 256500
4110 258000
4110 259500
4110 261000
4110 262500
4110 264000
4110 265500
4159 250500
4159 252000
4159 253500
4159 255000
4159 256500
4159 258000
4159 259500
4159 261000
4159 262500
4235 241500
4235 243000
4235 244500
4235 246000
4235 247500
4235 249000
4235 250500
4235 252000
4235 253500
4235 255000
4235 256500
4235 258000
4235 259500
4235 261000
4235 262500
4245 229500
4245 231000
4245 232500
4245 234000
4245 235500
4245 237000
4245 238500
4245 240000
4245 241500
4245 243000
4245 244500
4245 246000
4245 247500
4245 249000
4245 457500
4245 459000
4245 460500
4245 462000
4245 463500
4245 465000
4245 466500
4245 468000
4245 469500
4245 471000
4245 472500
4245 474000
4245 475500
4245 477000
4245 478500
4245 480000
4245 481500
4245 483000
4245 484500
4245 486000
4245 487500
4269 250500
4269 252000
4269 253500
4269 255000
4269 256500
4269 258000
4269 259500
4269 261000
4269 262500
4269 264000
4269 265500
4304 246000
4304 247500
4304 249000
4304 250500
4304 252000
4304 253500
4304 255000
4304 256500
4304 258000
4304 259500
4304 261000
4304 262500
4304 264000
4325 247500
4325 249000
4325 250500
4325 252000
4325 253500
4325 255000
4325 256500
4325 258000
4325 259500
4325 261000
4325 262500
4325 264000
4325 265500
4325 267000
4325 268500
4344 252000
4344 253500
4344 255000
4344 256500
4344 258000
4344 259500
4344 261000
4344 262500
4396 237000
4396 238500
4396 240000
4396 241500
4396 243000
4396 244500
4396 246000
4396 247500
4396 249000
4396 250500
4396 252000
4396 253500
4396 255000
4396 256500
4396 258000
4396 259500
4438 247500
4438 249000
4438 250500
4438 252000
4438 253500
4438 255000
4438 256500
4438 258000
4438 259500
4438 261000
4438 262500
4438 264000
4438 265500
4457 244500
4457 246000
4457 247500
4457 249000
4457 250500
4457 252000
4457 253500
4457 255000
4457 256500
4457 258000
4457 259500
4457 261000
4498 241500
4498 243000
4498 244500
4498 246000
4498 247500
4498 249000
4498 250500
4498 252000
4498 253500
4498 255000
4498 256500
4498 258000
4498 259500
4498 261000
4498 262500
4539 247500
4539 249000
4539 250500
4539 252000
4539 253500
4539 255000
4539 256500
4539 258000
4539 259500
4539 261000
4573 246000
4573 247500
4573 249000
4573 250500
4573 252000
4573 253500
4573 255000
4573 256500
4573 258000
4573 259500
4573 261000
4573 262500
4573 264000
4573 265500
4573 267000
4573 268500
4615 247500
4615 249000
4615 250500
4615 252000
4615 253500
4615 255000
4615 256500
4632 250500
4632 252000
4632 253500
4632 255000
4632 256500
4632 258000
4632 259500
4646 244500
4646 246000
4646 247500
4646 249000
4646 250500
4646 252000
4646 253500
4646 255000
4646 256500
4646 258000
4646 259500
4646 261000
4646 262500
4646 264000
4646 265500
4677 244500
4677 246000
4677 247500
4677 249000
4677 250500
4677 252000
4677 253500
4677 255000
4677 256500
4677 258000
4677 259500
4677 261000
4677 262500
4677 264000
4677 265500
4712 244500
4712 246000
4712 247500
4712 249000
4712 250500
4712 252000
4712 253500
4712 255000
4712 256500
4712 258000
4712 259500
4712 261000
4712 262500
4712 264000
4712 265500
4712 267000
4737 229500
4737 231000
4737 232500
4737 234000
4737 235500
4737 237000
4737 238500
4737 240000
4737 241500
4737 243000
4737 244500
4737 246000
4737 247500
4737 457500
4737 459000
4737 460500
4737 462000
4737 463500
4737 465000
4737 466500
4737 468000
4737 469500
4737 471000
4737 472500
4737 474000
4737 475500
4737 477000
4737 478500
4737 480000
4737 481500
4737 483000
4737 484500
4737 486000
4737 487500
4737 489000
4737 490500
4737 492000
4737 493500
4737 502500
4737 504000
4737 505500
4737 507000
4737 508500
4737 510000
4737 511500
4737 513000
4737 514500
4737 516000
4737 687000
4737 688500
4737 690000
4737 691500
4737 693000
4737 694500
4737 696000
4737 697500
4737 699000
4737 700500
4751 246000
4751 247500
4751 249000
4751 250500
4751 252000
4751 253500
4751 255000
4751 256500
4751 258000
4751 259500
4751 261000
4751 262500
4751 264000
4751 265500
4751 267000
4777 247500
4777 249000
4777 250500
4777 252000
4777 253500
4777 255000
4777 256500
4777 258000
4777 259500
4777 261000
4777 262500
4777 264000
4777 265500
4777 267000
4777 268500
4793 247500
4793 249000
4793 250500
4793 252000
4793 253500
4793 255000
4793 256500
4793 258000
4793 259500
4793 261000
4793 262500
4793 264000
4793 265500
4793 267000
4793 268500
4808 225000
4808 226500
4808 228000
4808 229500
4808 231000
4808 232500
4808 234000
4808 235500
4808 237000
4808 238500
4808 240000
4808 241500
4808 243000
4808 244500
4808 246000
4808 247500
4808 249000
4808 250500
4808 253500
4808 255000
4808 256500
4808 258000
4808 259500
4808 261000
4808 262500
4808 264000
4808 265500
4808 267000
4854 489000
4854 490500
4854 492000
4854 493500
4854 495000
4854 496500
4854 498000
4854 499500
4854 501000
4854 502500
4854 504000
4854 505500
4854 507000
4854 508500
4869 226500
4869 228000
4869 229500
4869 231000
4869 232500
4869 234000
4869 235500
4869 237000
4869 238500
4869 240000
4869 241500
4869 243000
4869 244500
4869 246000
4869 247500
4885 249000
4885 250500
4885 252000
4885 253500
4885 255000
4885 256500
4885 258000
4885 259500
4885 261000
4885 262500
4885 264000
4885 265500
4885 267000
4885 268500
4918 243000
4918 244500
4918 246000
4918 247500
4918 249000
4918 250500
4918 252000
4918 253500
4918 255000
4918 256500
4918 258000
4918 259500
4918 261000
4918 262500
4918 264000
4918 265500
4918 267000
4937 246000
4937 247500
4937 249000
4937 250500
4937 252000
4937 253500
4937 255000
4937 256500
4937 258000
4937 259500
4937 261000
4937 262500
4937 264000
4937 265500
4955 232500
4955 234000
4955 235500
4955 237000
4955 238500
4955 240000
4955 241500
4955 243000
4955 465000
4955 466500
4955 468000
4955 469500
4955 471000
4955 472500
4955 474000
4955 475500
4955 477000
4955 478500
4955 480000
4955 481500
4955 483000
4955 489000
4955 490500
4955 492000
4955 493500
4955 495000
4955 496500
4955 498000
4955 499500
4955 501000
4955 502500
4955 504000
4955 505500
4955 507000
4955 508500
4955 510000
4955 511500
4955 520500
4955 522000
4955 523500
4955 525000
4955 526500
4955 528000
4955 529500
4955 531000
4955 532500
4955 534000
4986 255000
4986 256500
4986 258000
4986 259500
4986 261000
4986 262500
4986 264000
4986 265500
4986 267000
5065 235500
5065 237000
5065 238500
5065 240000
5065 241500
5065 243000
5065 244500
5065 246000
5065 247500
5065 249000
5065 250500
5065 252000
5065 253500
5065 255000
5065 256500
5065 258000
5065 259500
5065 261000
5065 262500
5065 264000
5065 265500
5065 267000
5065 268500
5081 229500
5081 231000
5081 232500
5081 234000
5081 235500
5081 237000
5081 238500
5081 240000
5081 241500
5081 243000
5081 244500
5081 246000
5081 247500
5081 249000
5081 250500
5081 252000
5081 253500
5081 255000
5081 256500
5081 258000
5081 259500
5081 261000
5081 262500
5158 238500
5158 240000
5158 241500
5158 243000
5158 244500
5158 246000
5173 246000
5173 247500
5173 249000
5173 250500
5173 252000
5173 253500
5173 255000
5173 256500
5173 258000
5173 259500
5173 261000
5296 243000
5296 244500
5296 246000
5296 247500
5296 249000
5296 250500
5296 252000
5296 253500
5296 255000
5296 256500
5296 258000
5296 259500
5296 261000
5296 262500
5310 240000
5310 241500
5310 243000
5310 244500
5310 246000
5310 247500
5310 249000
5310 250500
5310 252000
5310 253500
5310 255000
5310 256500
5310 258000
5310 259500
5310 261000
5310 478500
5310 480000
5310 481500
5310 483000
5310 484500
5310 486000
5359 237000
5359 238500
5359 240000
5359 241500
5359 243000
5359 244500
5359 246000
5359 247500
5359 249000
5359 250500
5359 252000
5359 253500
5359 255000
5359 256500
5359 258000
5359 259500
5359 261000
5359 262500
5359 264000
5376 483000
5376 484500
5376 486000
5376 487500
5376 489000
5376 490500
5376 492000
5376 493500
5376 495000
5376 496500
5389 507000
5389 508500
5389 510000
5389 511500
5389 513000
5389 514500
5389 516000
5389 517500
5389 519000
5389 520500
5389 522000
5389 541500
5389 543000
5389 544500
5389 546000
5389 547500
5389 549000
5389 550500
5389 552000
5389 553500
5389 555000
5389 556500
5389 558000
5514 243000
5514 244500
5514 246000
5514 247500
5514 249000
5514 250500
5514 252000
5514 253500
5514 255000
5514 256500
5514 258000
5514 259500
5514 261000
5514 262500
5514 264000
5514 265500
5514 267000
5514 268500
5528 243000
5528 244500
5528 246000
5528 247500
5528 249000
5528 250500
5528 252000
5528 253500
5528 255000
5528 256500
5528 258000
5528 259500
5528 261000
5528 262500
5528 264000
5528 265500
5528 267000
5528 268500
5528 270000
5528 271500
5528 273000
5528 274500
5528 276000
5543 238500
5543 240000
5543 241500
5543 243000
5543 244500
5543 246000
5543 247500
5543 249000
5543 250500
5636 238500
5636 240000
5636 241500
5636 243000
5636 244500
5696 243000
5696 244500
5696 246000
5696 247500
5696 249000
5696 250500
5696 252000
5715 243000
5715 244500
5715 246000
5715 247500
5715 249000
5715 250500
5715 252000
5715 253500
5724 240000
5724 241500
5724 243000
5724 244500
5724 246000
5724 247500
5724 249000
5759 246000
5759 247500
5759 249000
5759 250500
5759 252000
5759 253500
5759 255000
5777 244500
5777 246000
5777 247500
5777 249000
5777 250500
5777 252000
5777 487500
5777 489000
5777 490500
5777 492000
5777 493500
5777 495000
5777 496500
5777 498000
5810 246000
5810 247500
5810 249000
5810 250500
5810 252000
5810 253500
5858 246000
5858 247500
5858 249000
5858 250500
5858 252000
5858 253500
5858 255000
5858 256500
5889 244500
5889 246000
5889 247500
5889 249000
5889 250500
5889 252000
5889 253500
5889 255000
5889 495000
5889 496500
5889 498000
5889 499500
5889 501000
5889 502500
5889 504000
5889 505500
5889 507000
5889 508500
5889 510000
5916 241500
5916 243000
5916 244500
5916 246000
5916 247500
5916 249000
5916 250500
5971 517500
5971 519000
5971 520500
5971 522000
5971 523500
5971 525000
5971 526500
5971 528000
5971 529500
5971 531000
5971 532500
5971 534000
5971 535500
5971 537000
5971 538500
5971 540000
5971 541500
5996 247500
5996 249000
5996 250500
5996 252000
5996 253500
5996 255000
5996 256500
5996 258000
5996 259500
6016 244500
6016 246000
6016 247500
6016 249000
6016 250500
6016 252000
6016 253500
6016 523500
6016 525000
6016 526500
6016 528000
6016 529500
6016 531000
6016 532500
6016 534000
6016 535500
6016 537000
6016 538500
6016 540000
6016 541500
6016 543000
6016 544500
6016 546000
6016 547500
6016 549000
6016 550500
6016 552000
6034 247500
6034 249000
6034 250500
6034 252000
6034 253500
6057 252000
6057 253500
6057 255000
6057 256500
6057 258000
6057 259500
6057 261000
6057 262500
6072 501000
6072 502500
6072 504000
6072 505500
6072 507000
6072 508500
6072 510000
6072 511500
6072 513000
6072 514500
6072 516000
6123 253500
6123 255000
6123 256500
6123 258000
6123 259500
6123 261000
6123 262500
6123 264000
6147 253500
6147 255000
6147 256500
6147 258000
6147 259500
6147 261000
6147 262500
6147 264000
6147 265500
6176 252000
6176 253500
6176 255000
6176 256500
6176 258000
6204 252000
6204 253500
6204 255000
6204 256500
6204 258000
6204 259500
6204 261000
6204 262500
6204 264000
6204 265500
6227 255000
6227 256500
6227 258000
6227 259500
6227 261000
6227 262500
6227 264000
6227 265500
6227 267000
6227 268500
6227 270000
6227 271500
6245 252000
6245 253500
6245 255000
6245 256500
6245 258000
6245 259500
6287 258000
6287 259500
6287 261000
6287 262500
6287 264000
6287 265500
6287 267000
6287 268500
6287 270000
6287 271500
6287 273000
6310 256500
6310 258000
6310 259500
6310 261000
6310 262500
6310 264000
6310 265500
6310 267000
6310 268500
6310 270000
6310 271500
6310 273000
6344 258000
6344 259500
6344 261000
6344 262500
6344 264000
6344 265500
6344 267000
6344 268500
6344 270000
6344 271500
6344 273000
6344 274500
6344 276000
6344 516000
6344 517500
6344 519000
6344 520500
6344 522000
6344 523500
6344 525000
6344 526500
6344 528000
6344 529500
6344 531000
6344 532500
6379 261000
6379 262500
6379 264000
6379 265500
6379 267000
6379 268500
6379 270000
6379 271500
6379 273000
6379 274500
6379 276000
6379 517500
6379 519000
6379 520500
6379 522000
6379 523500
6379 525000
6379 526500
6379 528000
6379 529500
6379 531000
6379 532500
6379 534000
6391 259500
6391 261000
6391 262500
6391 264000
6391 265500
6391 267000
6391 268500
6391 270000
6391 271500
6391 273000
6391 274500
6391 276000
6391 528000
6391 529500
6391 531000
6391 532500
6391 534000
6391 535500
6391 537000
6391 538500
6419 258000
6419 259500
6419 261000
6419 262500
6419 264000
6419 265500
6419 267000
6419 268500
6419 270000
6419 271500
6419 273000
6419 274500
6419 276000
6419 277500
6419 522000
6419 523500
6419 525000
6419 526500
6419 528000
6419 529500
6419 531000
6419 532500
6419 534000
6419 535500
6419 537000
6419 538500
6419 540000
6435 256500
6435 258000
6435 259500
6435 261000
6435 262500
6435 264000
6435 265500
6435 267000
6458 262500
6458 264000
6458 265500
6458 267000
6458 268500
6458 270000
6458 271500
6458 273000
6458 274500
6458 276000
6458 277500
6497 127500
6497 129000
6497 130500
6497 132000
6497 133500
6497 135000
6497 136500
6497 138000
6513 264000
6513 265500
6513 267000
6513 268500
6513 270000
6513 271500
6513 273000
6513 274500
6513 276000
6513 277500
6513 279000
6513 280500
6513 282000
6513 283500
6513 517500
6513 519000
6513 520500
6513 522000
6513 523500
6513 525000
6513 526500
6513 528000
6513 529500
6513 531000
6513 532500
6513 534000
6513 535500
6513 537000
6513 538500
6513 540000
6513 541500
6513 543000
6513 544500
6537 265500
6537 267000
6537 268500
6537 270000
6537 271500
6537 273000
6537 274500
6537 276000
6537 277500
6537 279000
6537 280500
6537 282000
6537 283500
6556 265500
6556 267000
6556 268500
6556 270000
6556 271500
6556 273000
6556 274500
6556 276000
6556 277500
6556 279000
6556 280500
6556 282000
6556 283500
6556 285000
6556 286500
6556 522000
6556 523500
6556 525000
6556 526500
6556 528000
6556 529500
6556 531000
6556 532500
6556 534000
6556 535500
6556 537000
6556 538500
6556 540000
6556 541500
6556 543000
6556 544500
6556 546000
6576 265500
6576 267000
6576 268500
6576 270000
6576 271500
6576 273000
6576 274500
6576 276000
6576 277500
6576 279000
6576 280500
6576 282000
6576 283500
6576 285000
6576 286500
6576 525000
6576 526500
6576 528000
6576 529500
6576 531000
6576 532500
6576 534000
6576 535500
6576 537000
6576 538500
6576 540000
6576 541500
6576 543000
6586 264000
6586 265500
6586 267000
6586 268500
6586 270000
6586 271500
6586 273000
6586 274500
6586 276000
6586 277500
6586 279000
6586 280500
6586 282000
6586 283500
6586 285000
6586 286500
6586 288000
6586 528000
6586 529500
6586 531000
6586 532500
6586 534000
6586 535500
6586 537000
6586 538500
6586 546000
6586 547500
6586 549000
6586 550500
6586 552000
6586 553500
6615 264000
6615 265500
6615 267000
6615 268500
6615 270000
6615 271500
6615 273000
6615 274500
6615 276000
6615 277500
6615 279000
6615 280500
6615 282000
6615 283500
6615 285000
6615 286500
6615 288000
6615 289500
6615 534000
6615 535500
6615 537000
6615 538500
6615 540000
6615 541500
6615 543000
6615 544500
6615 546000
6615 547500
6615 549000
6628 268500
6628 270000
6628 271500
6628 273000
6628 274500
6628 276000
6628 277500
6628 279000
6628 280500
6628 282000
6628 283500
6628 285000
6628 286500
6628 288000
6628 289500
6628 291000
6628 519000
6628 520500
6628 522000
6628 523500
6628 525000
6628 526500
6628 528000
6628 529500
6628 531000
6628 532500
6628 534000
6628 535500
6628 537000
6628 538500
6628 540000
6628 541500
6628 543000
6653 270000
6653 271500
6653 273000
6653 274500
6653 276000
6653 277500
6653 279000
6653 280500
6653 282000
6653 283500
6653 285000
6653 286500
6653 288000
6653 289500
6653 291000
6653 292500
6674 268500
6674 270000
6674 271500
6674 273000
6674 274500
6674 276000
6674 277500
6674 279000
6674 280500
6674 282000
6674 283500
6674 285000
6674 286500
6674 288000
6674 289500
6674 291000
6674 292500
6674 294000
6687 270000
6687 271500
6687 273000
6687 274500
6687 276000
6687 277500
6687 279000
6687 280500
6687 282000
6702 271500
6702 273000
6702 274500
6702 276000
6702 277500
6702 279000
6729 271500
6729 273000
6729 274500
6729 276000
6729 277500
6729 279000
6729 280500
6729 282000
6729 283500
6729 285000
6729 286500
6729 288000
6729 289500
6729 291000
6729 544500
6729 546000
6729 547500
6729 549000
6729 550500
6729 552000
6729 553500
6729 555000
6729 556500
6742 273000
6742 274500
6742 276000
6742 277500
6742 279000
6742 280500
6742 282000
6742 283500
6742 285000
6742 286500
6742 288000
6742 289500
6742 291000
6742 292500
6742 294000
6742 544500
6742 546000
6742 547500
6742 549000
6742 550500
6742 552000
6742 553500
6742 555000
6742 556500
6742 558000
6742 559500
6742 561000
6763 274500
6763 276000
6763 277500
6763 279000
6763 280500
6763 282000
6763 283500
6763 285000
6763 286500
6763 288000
6763 289500
6763 291000
6763 292500
6763 541500
6763 543000
6763 544500
6763 546000
6763 547500
6763 549000
6763 550500
6763 552000
6763 553500
6763 555000
6826 270000
6826 271500
6826 273000
6826 274500
6826 276000
6826 277500
6826 279000
6826 280500
6826 282000
6826 283500
6826 285000
6826 286500
6826 288000
6826 289500
6826 291000
6826 292500
6826 294000
6826 295500
6826 297000
6826 298500
6826 300000
6826 301500
6852 277500
6852 279000
6852 280500
6852 282000
6852 283500
6852 285000
6852 286500
6852 288000
6852 289500
6852 291000
6852 292500
6852 294000
6852 295500
6852 297000
6852 298500
6852 300000
6852 547500
6852 549000
6852 550500
6852 552000
6852 553500
6852 555000
6852 556500
6852 558000
6852 559500
6852 561000
6852 562500
6870 325500
6870 327000
6870 328500
6870 330000
6870 331500
6870 333000
6870 334500
6870 336000
6870 337500
6870 339000
6870 340500
6870 342000
6870 343500
6870 345000
6870 346500
6870 348000
6870 349500
6870 351000
6870 352500
6870 354000
6870 355500
6870 357000
6870 570000
6870 571500
6870 573000
6870 574500
6870 576000
6870 577500
6870 600000
6870 601500
6870 603000
6870 604500
6870 606000
6870 607500
6870 609000
6870 610500
6870 612000
6883 274500
6883 276000
6883 277500
6883 279000
6883 280500
6883 282000
6883 283500
6883 285000
6883 286500
6883 288000
6883 289500
6883 291000
6883 292500
6883 294000
6883 295500
6883 297000
6914 277500
6914 279000
6914 280500
6914 282000
6914 283500
6914 285000
6914 286500
6914 288000
6914 289500
6914 291000
6914 292500
6914 294000
6914 295500
6914 297000
6914 298500
6914 300000
6926 279000
6926 280500
6926 282000
6926 283500
6926 285000
6926 286500
6926 288000
6957 279000
6957 280500
6957 282000
6957 283500
6957 285000
6957 286500
6957 288000
6957 289500
6957 291000
6957 292500
6957 294000
6957 295500
6978 280500
6978 282000
6978 283500
6978 285000
6978 286500
6978 288000
6978 289500
6978 291000
6978 292500
6990 280500
6990 282000
6990 283500
6990 285000
6990 286500
6990 288000
6990 289500
6990 291000
6990 292500
6990 294000
6990 295500
6990 297000
6990 298500
6990 300000
7011 282000
7011 283500
7011 285000
7011 286500
7011 288000
7011 289500
7011 291000
7011 292500
7011 294000
7011 295500
7011 297000
7011 298500
7011 300000
7011 301500
7011 303000
7011 304500
7023 280500
7023 282000
7023 283500
7023 285000
7023 286500
7023 288000
7023 289500
7023 291000
7023 292500
7023 294000
7023 295500
7023 297000
7023 298500
7023 300000
7023 301500
7023 303000
7023 304500
7023 306000
7023 558000
7023 559500
7023 561000
7023 562500
7023 564000
7023 565500
7056 282000
7056 283500
7056 285000
7056 286500
7056 288000
7056 289500
7056 291000
7056 292500
7056 294000
7056 295500
7056 297000
7056 298500
7056 300000
7056 301500
7056 303000
7056 304500
7056 306000
7072 286500
7072 288000
7072 289500
7072 291000
7072 292500
7072 294000
7072 295500
7072 297000
7072 298500
7072 300000
7072 301500
7072 303000
7083 282000
7083 283500
7083 285000
7083 286500
7083 288000
7083 289500
7083 294000
7083 295500
7083 297000
7083 298500
7083 300000
7147 291000
7147 292500
7147 294000
7147 295500
7147 297000
7147 298500
7147 300000
7147 301500
7147 303000
7147 304500
7147 306000
7162 291000
7162 292500
7162 294000
7162 295500
7162 297000
7162 298500
7162 300000
7162 301500
7162 303000
7162 304500
7162 306000
7162 307500
7187 289500
7187 291000
7187 292500
7187 294000
7187 295500
7187 297000
7187 298500
7187 300000
7187 301500
7222 475500
7222 477000
7222 478500
7222 480000
7222 481500
7222 483000
7222 484500
7222 486000
7222 487500
7222 489000
7222 493500
7222 495000
7222 496500
7222 498000
7222 499500
7222 501000
7222 502500
7222 504000
7222 505500
7222 507000
7222 508500
7222 510000
7222 511500
7222 513000
7222 514500
7222 516000
7222 517500
7222 519000
7222 520500
7222 774000
7222 775500
7222 777000
7222 778500
7222 780000
7222 781500
7222 783000
7222 784500
7278 297000
7278 298500
7278 300000
7278 301500
7278 303000
7278 304500
7278 306000
7278 307500
7278 309000
7278 310500
7278 312000
7377 301500
7377 303000
7377 304500
7377 306000
7377 307500
7377 309000
7377 310500
7377 312000
7377 313500
7377 315000
7377 316500
7377 318000
7377 319500
7377 321000
7377 322500
7377 324000
7389 303000
7389 304500
7389 306000
7389 307500
7389 309000
7389 310500
7389 312000
7389 313500
7389 315000
7389 316500
7389 318000
7389 319500
7469 312000
7469 313500
7469 315000
7469 316500
7469 318000
7469 319500
7469 321000
7469 322500
7469 324000
7469 325500
7469 327000
7469 328500
7485 310500
7485 312000
7485 313500
7485 315000
7485 316500
7485 318000
7485 319500
7485 321000
7485 322500
7485 324000
7485 325500
7485 327000
7485 328500
7485 330000
7485 331500
7485 333000
7514 312000
7514 313500
7514 315000
7514 316500
7514 318000
7514 319500
7514 321000
7514 322500
7514 324000
7514 325500
7514 327000
7514 328500
7514 330000
7514 331500
7514 333000
7514 334500
7514 336000
7514 337500
7514 339000
7514 340500
7586 318000
7586 319500
7586 321000
7586 322500
7586 324000
7586 325500
7586 327000
7586 328500
7586 330000
7586 331500
7586 333000
7586 334500
7586 336000
7586 337500
7586 339000
7586 340500
7604 321000
7604 322500
7604 324000
7604 325500
7604 327000
7604 328500
7604 330000
7604 331500
7604 333000
7604 334500
7604 336000
7604 337500
7604 339000
7604 340500
7604 676500
7604 678000
7604 679500
7604 681000
7604 682500
7604 684000
7696 330000
7696 331500
7696 333000
7696 334500
7696 336000
7696 337500
7696 339000
7696 340500
7696 342000
7696 343500
7696 345000
7696 346500
7696 348000
7696 349500
7696 351000
7696 352500
7696 354000
7696 355500
7696 357000
7696 358500
7696 360000
7696 361500
7696 613500
7696 615000
7696 616500
7696 618000
7696 619500
7696 621000
7696 622500
7696 624000
7696 625500
7696 627000
7696 628500
7714 331500
7714 333000
7714 334500
7714 336000
7714 337500
7714 339000
7714 340500
7714 342000
7714 343500
7714 345000
7714 346500
7714 348000
7714 349500
7714 351000
7714 352500
7714 357000
7714 358500
7714 360000
7714 361500
7714 363000
7714 364500
7714 366000
7714 636000
7714 637500
7714 639000
7714 640500
7714 642000
7714 643500
7714 645000
7714 646500
7714 648000
7714 658500
7714 660000
7714 661500
7714 663000
7714 664500
7714 666000
7714 667500
7714 669000
7714 670500
7714 672000
7714 673500
7714 675000
7714 676500
7714 682500
7714 684000
7714 685500
7714 687000
7714 688500
7714 690000
7714 691500
7714 693000
7714 694500
7714 696000
7714 697500
7714 699000
7714 700500
7737 334500
7737 336000
7737 337500
7737 339000
7737 340500
7737 342000
7737 343500
7737 345000
7737 346500
7737 348000
7737 349500
7737 351000
7737 352500
7737 354000
7737 355500
7737 357000
7737 358500
7737 360000
7737 361500
7737 363000
7737 364500
7737 366000
7737 367500
7737 369000
7737 370500
7737 372000
7737 373500
7737 700500
7737 702000
7737 703500
7737 705000
7737 706500
7737 708000
7737 709500
7737 711000
7748 337500
7748 339000
7748 340500
7748 342000
7748 343500
7748 345000
7748 346500
7748 348000
7748 349500
7748 351000
7748 352500
7748 354000
7748 355500
7748 357000
7748 358500
7748 360000
7748 361500
7748 715500
7748 717000
7748 718500
7748 720000
7748 721500
7748 723000
7748 724500
7748 726000
7748 727500
7748 729000
7748 730500
7748 732000
7748 733500
7748 735000
7790 343500
7790 345000
7790 346500
7790 348000
7790 349500
7790 351000
7790 352500
7790 354000
7790 355500
7790 357000
7790 358500
7790 360000
7790 361500
7790 363000
7790 364500
7790 366000
7790 367500
7790 369000
7790 370500
7790 372000
7790 373500
7790 375000
7790 376500
7790 664500
7790 666000
7790 667500
7790 669000
7790 670500
7790 672000
7790 673500
7790 675000
7790 676500
7790 678000
7790 679500
7790 681000
7790 682500
7790 684000
7790 685500
7790 687000
7790 688500
7790 709500
7790 711000
7790 712500
7790 714000
7790 715500
7790 717000
7790 718500
7790 720000
7790 721500
7790 723000
7790 724500
7790 729000
7790 730500
7790 732000
7790 733500
7790 735000
7790 736500
7790 738000
7813 346500
7813 348000
7813 349500
7813 351000
7813 352500
7813 354000
7813 355500
7813 357000
7813 358500
7813 360000
7813 361500
7813 363000
7813 364500
7813 366000
7813 367500
7813 369000
7813 370500
7813 372000
7813 373500
7813 375000
7813 376500
7813 378000
7813 379500
7813 381000
7813 382500
7813 384000
7813 385500
7813 387000
7813 655500
7813 657000
7813 658500
7813 660000
7813 661500
7813 663000
7813 664500
7813 666000
7813 667500
7813 669000
7813 670500
7813 682500
7813 684000
7813 685500
7813 687000
7813 688500
7813 690000
7813 691500
7813 693000
7813 694500
7813 696000
7813 697500
7813 699000
7813 720000
7813 721500
7813 723000
7813 724500
7813 726000
7813 727500
7813 729000
7813 730500
7813 732000
7813 733500
7813 735000
7813 736500
7813 738000
7836 349500
7836 351000
7836 352500
7836 354000
7836 355500
7836 357000
7836 358500
7836 360000
7836 361500
7836 363000
7836 364500
7836 366000
7836 367500
7836 369000
7836 370500
7836 372000
7836 388500
7836 390000
7836 391500
7836 393000
7836 394500
7836 396000
7836 670500
7836 672000
7836 673500
7836 675000
7836 676500
7836 678000
7959 370500
7959 372000
7959 373500
7959 375000
7959 376500
7959 378000
7959 379500
7959 381000
7959 382500
7959 384000
7959 385500
7959 792000
7959 793500
7959 795000
7959 796500
7959 798000
7959 799500
7959 801000
8010 382500
8010 384000
8010 385500
8010 387000
8010 388500
8010 390000
8010 391500
8010 393000
8010 514500
8010 516000
8010 517500
8010 519000
8010 520500
8010 522000
8010 523500
8010 525000
8010 526500
8010 535500
8010 537000
8010 538500
8010 540000
8010 541500
8010 543000
8010 544500
8010 546000
8010 547500
8010 549000
8010 550500
8010 552000
8010 553500
8010 555000
8010 556500
8010 558000
8010 559500
8010 561000
8010 562500
8010 564000
8010 795000
8010 796500
8010 798000
8010 799500
8010 801000
8010 802500
8010 804000
8010 805500
8010 807000
8010 808500
8010 810000
8010 811500
8035 393000
8035 394500
8035 396000
8035 397500
8035 399000
8035 400500
8035 402000
8035 403500
8035 405000
8035 406500
8035 408000
8035 409500
8035 411000
8035 516000
8035 517500
8035 519000
8035 520500
8035 522000
8035 523500
8035 525000
8035 526500
8035 537000
8035 538500
8035 540000
8035 541500
8035 543000
8035 544500
8035 546000
8035 547500
8035 549000
8035 550500
8035 552000
8035 553500
8035 673500
8035 675000
8035 676500
8035 678000
8035 679500
8035 681000
8035 682500
8035 684000
8035 685500
8035 687000
8035 688500
8035 790500
8035 792000
8035 793500
8035 795000
8035 796500
8035 798000
8035 799500
8035 801000
8035 802500
8035 804000
8035 805500
8035 807000
8035 808500
8056 399000
8056 400500
8056 402000
8056 403500
8056 405000
8056 406500
8056 408000
8056 409500
8056 411000
8056 412500
8056 414000
8056 552000
8056 553500
8056 555000
8056 556500
8056 558000
8056 559500
8056 561000
8056 562500
8056 564000
8056 565500
8056 567000
8056 673500
8056 675000
8056 676500
8056 678000
8056 679500
8056 681000
8056 682500
8056 684000
8056 685500
8056 687000
8056 688500
8056 690000
8056 705000
8056 706500
8056 708000
8056 709500
8056 711000
8056 712500
8056 714000
8056 715500
8056 717000
8056 718500
8112 414000
8112 415500
8112 417000
8112 418500
8112 420000
8112 421500
8112 423000
8112 424500
8112 426000
8112 427500
8112 429000
8112 430500
8112 432000
8112 525000
8112 526500
8112 528000
8112 529500
8112 531000
8112 532500
8112 534000
8112 562500
8112 564000
8112 565500
8112 567000
8112 568500
8112 570000
8112 571500
8112 573000
8112 574500
8112 576000
8112 577500
8112 627000
8112 628500
8112 630000
8112 631500
8112 633000
8112 634500
8112 636000
8112 637500
8112 639000
8112 640500
8112 642000
8112 643500
8112 645000
8112 682500
8112 684000
8112 685500
8112 687000
8112 688500
8112 690000
8112 691500
8112 693000
8135 541500
8135 543000
8135 544500
8135 546000
8135 547500
8135 549000
8135 550500
8135 552000
8135 553500
8154 429000
8154 430500
8154 432000
8154 433500
8154 435000
8154 436500
8154 438000
8154 439500
8154 441000
8154 442500
8154 444000
8154 445500
8154 546000
8154 547500
8154 549000
8154 550500
8154 552000
8154 553500
8154 561000
8154 562500
8154 564000
8154 565500
8154 567000
8154 568500
8154 570000
8154 571500
8154 573000
8154 574500
8154 576000
8154 577500
8154 579000
8154 580500
8154 582000
8154 583500
8154 619500
8154 621000
8154 622500
8154 624000
8154 625500
8154 627000
8154 628500
8154 630000
8154 631500
8154 633000
8154 634500
8154 636000
8154 637500
8154 639000
8154 640500
8154 642000
8154 643500
8154 645000
8154 646500
8154 648000
8154 733500
8154 735000
8154 736500
8154 738000
8154 739500
8154 741000
8154 742500
8154 744000
8197 576000
8197 577500
8197 579000
8197 580500
8197 582000
8197 583500
8197 585000
8197 586500
8197 588000
8197 589500
8197 591000
8197 592500
8197 594000
8197 595500
8197 597000
8197 598500
8197 600000
8197 601500
8197 648000
8197 649500
8197 651000
8197 652500
8197 654000
8197 655500
8197 729000
8197 730500
8197 732000
8197 733500
8197 735000
8197 736500
8197 738000
8197 739500
8197 741000
8197 742500
8197 744000
8197 745500
8197 747000
8197 748500
8197 750000
8197 751500
8197 753000
8197 754500
8197 756000
8197 786000
8197 787500
8197 789000
8197 790500
8197 792000
8197 793500
8197 795000
8197 796500
8197 798000
8197 799500
8197 801000
8197 802500
8213 576000
8213 577500
8213 579000
8213 580500
8213 582000
8213 583500
8213 585000
8213 586500
8213 756000
8213 757500
8213 759000
8213 760500
8213 762000
8213 763500
8213 765000
8213 766500
8213 768000
8213 769500
8213 771000
8213 772500
8213 774000
8213 775500
8213 777000
8213 778500
8213 780000
8213 784500
8213 786000
8213 787500
8213 789000
8213 790500
8213 792000
8213 793500
8213 795000
8213 796500
8213 798000
8213 805500
8213 807000
8213 808500
8213 810000
8213 811500
8235 630000
8235 631500
8235 633000
8235 634500
8235 636000
8235 637500
8235 639000
8235 640500
8235 642000
8235 643500
8235 751500
8235 753000
8235 754500
8235 756000
8235 757500
8235 759000
8235 760500
8235 771000
8235 772500
8235 774000
8235 775500
8235 777000
8235 778500
8235 780000
8235 781500
8235 783000
8235 784500
8235 786000
8235 787500
8235 789000
8235 790500
8235 792000
8235 793500
8235 795000
8235 796500
8235 798000
8247 723000
8247 724500
8247 726000
8247 727500
8247 729000
8247 730500
8247 732000
8247 733500
8280 636000
8280 637500
8280 639000
8280 640500
8280 642000
8280 643500
8280 801000
8280 802500
8280 804000
8280 805500
8280 807000
8280 808500
8315 144000
8315 145500
8315 147000
8315 148500
8315 150000
8315 151500
8315 153000
8315 154500
8315 222000
8315 223500
8315 225000
8315 226500
8315 228000
8315 229500
8315 231000
8369 675000
8369 676500
8369 678000
8369 679500
8369 681000
8369 682500
8369 684000
8369 685500
8369 687000
8395 642000
8395 643500
8395 645000
8395 646500
8395 648000
8395 649500
8395 651000
8395 652500
8395 654000
8395 655500
8395 657000
8395 658500
8395 660000
8395 661500
8395 663000
8395 664500
8395 666000
8395 667500
8395 669000
8413 672000
8413 673500
8413 675000
8413 676500
8413 678000
8413 679500
8413 681000
8413 682500
8450 768000
8450 769500
8450 771000
8450 772500
8450 774000
8450 775500
8450 777000
8528 655500
8528 657000
8528 658500
8528 660000
8528 661500
8528 663000
8528 664500
8528 666000
8528 667500
8528 669000
8528 670500
8528 672000
8528 673500
8528 675000
8528 676500
8528 678000
8528 679500
8528 681000
8528 682500
8528 684000
8528 685500
8639 669000
8639 670500
8639 672000
8639 673500
8639 675000
8639 676500
8639 678000
8639 679500
8639 681000
8686 637500
8686 639000
8686 640500
8686 642000
8686 643500
8686 645000
8823 751500
8823 753000
8823 754500
8823 756000
8823 757500
8823 759000
8823 760500
8823 762000
9278 714000
9278 715500
9278 717000
9278 718500
9278 720000
9278 721500
9278 723000
9278 724500
9278 726000
9278 742500
9278 744000
9278 745500
9278 747000
9278 748500
9278 750000
9278 751500
9278 753000
9278 754500
9453 790500
9453 792000
9453 793500
9453 795000
9453 796500
9453 798000
9546 736500
9546 738000
9546 739500
9546 741000
9546 742500
9546 744000
9973 769500
9973 771000
9973 772500
9973 774000
9973 775500
9973 777000
9973 799500
9973 801000
9973 802500
9973 804000
9973 805500
9973 807000
9973 808500
9973 810000
10053 756000
10053 757500
10053 759000
10053 760500
10053 762000
10053 763500
10053 771000
10053 772500
10053 774000
10053 775500
10053 777000
10053 778500
10053 780000
10053 781500
10053 783000
10053 784500
10053 786000
10053 787500
10053 789000
10053 790500
10053 792000
10053 793500
10053 795000
10053 796500
10053 798000
10053 799500
10067 789000
10067 790500
10067 792000
10067 793500
10067 795000
10067 796500
10067 798000
10067 799500
10067 801000
10067 802500
10129 762000
10129 763500
10129 765000
10129 766500
10129 768000
10129 769500
10129 771000
10129 772500
10171 762000
10171 763500
10171 765000
10171 766500
10171 768000
10171 769500
10171 771000
10171 772500
10171 790500
10171 792000
10171 793500
10171 795000
10171 796500
10171 798000
10171 799500
10171 801000
10171 802500
10171 804000
10171 805500
10171 807000
10171 808500
10171 810000
10171 811500
10209 546000
10209 547500
10209 549000
10209 550500
10209 552000
10209 553500
10209 555000
10209 556500
10209 558000
10209 559500
10209 561000
10209 562500
10246 784500
10246 786000
10246 787500
10246 789000
10246 790500
10246 792000
10246 793500
10246 795000
10246 796500
10246 798000
10246 799500
10246 801000
10246 802500
10246 804000
10288 790500
10288 792000
10288 793500
10288 795000
10288 796500
10288 798000
10288 799500
10288 801000
10288 802500
10288 804000
11251 724500
11251 726000
11251 727500
11251 729000
11251 730500
11251 732000
11251 733500
11251 735000
11251 736500
11251 738000
11251 739500
11251 741000
11251 742500
11251 744000
11251 745500
11251 747000
11251 748500
11251 750000
11251 751500
11251 753000
11251 754500
11251 756000
11251 757500
11251 759000
11251 760500
11251 762000
11251 763500
11251 765000
11874 660000
11874 661500
11874 663000
11874 664500
11874 666000
11874 667500
