1322 405000 10
1322 406500 10
1322 408000 11
1322 409500 12
1322 411000 9
1322 412500 11
1322 414000 10
1322 415500 10
1322 417000 9
2165 312000 14
2165 313500 15
2165 315000 14
2165 316500 15
2165 318000 13
2165 319500 13
2206 124500 23
2206 126000 20
2206 127500 24
2206 129000 22
2206 130500 19
2206 132000 18
2206 133500 18
2206 135000 17
3130 252000 18
3130 253500 18
3130 255000 19
3130 256500 19
3130 258000 20
3130 259500 20
3130 261000 20
3130 262500 20
3130 264000 20
3130 265500 18
3130 267000 18
3130 268500 18
3130 270000 17
3130 271500 17
3130 273000 17
3130 274500 15
3130 276000 13
3400 127500 11
3400 129000 13
3400 130500 14
3400 132000 14
3400 133500 14
3400 135000 11
3516 124500 29
3516 126000 29
3516 127500 29
3516 129000 27
3516 130500 25
3516 132000 22
3516 133500 19
3529 124500 23
3529 126000 22
3529 127500 24
3529 129000 23
3529 130500 23
3529 132000 21
3529 133500 21
3529 135000 19
3529 136500 17
3529 138000 15
3529 139500 12
3529 141000 10
3555 124500 18
3555 126000 12
3555 127500 18
3555 129000 13
3555 130500 12
3555 132000 13
3555 133500 14
3555 135000 16
3555 136500 16
3555 138000 15
3555 139500 15
3555 141000 12
3555 142500 11
3555 144000 9
3567 129000 20
3567 130500 22
3567 132000 22
3567 133500 22
3567 135000 23
3567 136500 22
3567 138000 21
3567 139500 19
3567 141000 18
3567 142500 15
3567 144000 11
3595 124500 19
3595 126000 18
3595 127500 21
3595 129000 20
3595 130500 19
3595 132000 19
3595 133500 19
3595 135000 19
3595 136500 18
3595 138000 18
3595 139500 17
3595 141000 17
3595 142500 15
3595 144000 14
3595 145500 13
3595 147000 12
3607 126000 18
3607 127500 20
3607 129000 20
3607 130500 21
3607 132000 21
3607 133500 21
3607 135000 21
3607 136500 21
3607 138000 20
3607 139500 19
3607 141000 19
3607 142500 18
3607 144000 17
3607 145500 15
3607 147000 12
3607 148500 10
3628 126000 15
3628 127500 17
3628 129000 17
3628 130500 16
3628 132000 15
3628 133500 13
3640 129000 19
3640 130500 20
3640 132000 21
3640 133500 21
3640 135000 21
3640 136500 20
3640 138000 20
3640 139500 19
3640 141000 17
3640 142500 15
3676 127500 19
3676 129000 20
3676 130500 21
3676 132000 21
3676 133500 22
3676 135000 22
3676 136500 21
3676 138000 20
3676 139500 20
3676 141000 19
3676 142500 18
3676 144000 17
3676 145500 16
3676 147000 14
3676 148500 14
3676 150000 12
3688 127500 17
3688 129000 18
3688 130500 17
3688 132000 18
3688 133500 18
3688 135000 17
3688 136500 16
3688 138000 14
3688 139500 13
3688 141000 11
3688 142500 11
3688 144000 11
3711 129000 17
3711 130500 18
3711 132000 19
3711 133500 19
3711 135000 19
3711 136500 18
3711 138000 18
3711 139500 17
3711 141000 16
3711 142500 14
3711 144000 14
3711 145500 14
3711 147000 14
3711 148500 15
3711 150000 15
3711 151500 14
3711 153000 13
3748 129000 14
3748 130500 15
3748 132000 16
3748 133500 16
3748 135000 16
3748 136500 16
3748 138000 15
3748 139500 14
3748 141000 14
3748 142500 14
3748 144000 14
3748 145500 12
3788 132000 25
3788 133500 26
3788 135000 26
3788 136500 27
3788 138000 27
3788 139500 27
3788 141000 27
3788 142500 26
3788 144000 25
3788 145500 24
3788 147000 22
3788 148500 21
3788 150000 18
3788 151500 16
3788 153000 15
3788 154500 13
3788 156000 12
3812 129000 21
3812 130500 22
3812 132000 23
3812 133500 23
3812 135000 22
3812 136500 22
3812 138000 20
3812 139500 18
3812 141000 15
3812 147000 13
3812 148500 14
3812 150000 14
3812 151500 14
3812 153000 14
3812 154500 13
3825 135000 11
3825 136500 13
3825 138000 14
3825 139500 13
3825 141000 14
3825 142500 12
3825 144000 11
3915 127500 14
3915 129000 15
3915 130500 15
3915 132000 14
3915 133500 12
3915 135000 12
4059 249000 15
4059 250500 17
4059 252000 18
4059 253500 17
4059 255000 17
4059 256500 15
4059 258000 16
4059 259500 16
4059 261000 17
4059 262500 16
4059 264000 16
4059 265500 15
4059 267000 15
4059 268500 13
4110 256500 21
4110 258000 20
4110 259500 20
4110 261000 18
4110 262500 17
4110 264000 14
4110 265500 11
4159 250500 19
4159 252000 21
4159 253500 21
4159 255000 21
4159 256500 21
4159 258000 20
4159 259500 19
4159 261000 18
4159 262500 15
4235 241500 25
4235 243000 26
4235 244500 27
4235 246000 28
4235 247500 28
4235 249000 27
4235 250500 27
4235 252000 26
4235 253500 25
4235 255000 23
4235 256500 21
4235 258000 19
4235 259500 17
4235 261000 14
4235 262500 10
4245 229500 34
4245 231000 35
4245 232500 36
4245 234000 36
4245 235500 36
4245 237000 36
4245 238500 35
4245 240000 33
4245 241500 32
4245 243000 30
4245 244500 28
4245 246000 26
4245 247500 25
4245 249000 25
4245 457500 39
4245 459000 40
4245 460500 41
4245 462000 42
4245 463500 42
4245 465000 41
4245 466500 40
4245 468000 39
4245 469500 37
4245 471000 35
4245 472500 32
4245 474000 28
4245 475500 23
4245 477000 19
4245 478500 19
4245 480000 20
4245 481500 19
4245 483000 18
4245 484500 17
4245 486000 15
4245 487500 12
4269 250500 29
4269 252000 29
4269 253500 29
4269 255000 28
4269 256500 27
4269 258000 26
4269 259500 24
4269 261000 21
4269 262500 18
4269 264000 14
4269 265500 11
4304 246000 29
4304 247500 30
4304 249000 30
4304 250500 30
4304 252000 30
4304 253500 28
4304 255000 27
4304 256500 25
4304 258000 23
4304 259500 21
4304 261000 17
4304 262500 16
4304 264000 13
4325 247500 26
4325 249000 27
4325 250500 27
4325 252000 28
4325 253500 28
4325 255000 27
4325 256500 26
4325 258000 25
4325 259500 24
4325 261000 22
4325 262500 19
4325 264000 17
4325 265500 14
4325 267000 12
4325 268500 11
4344 252000 22
4344 253500 23
4344 255000 23
4344 256500 23
4344 258000 21
4344 259500 19
4344 261000 17
4344 262500 15
4396 237000 29
4396 238500 30
4396 240000 31
4396 241500 32
4396 243000 32
4396 244500 32
4396 246000 31
4396 247500 31
4396 249000 30
4396 250500 29
4396 252000 27
4396 253500 25
4396 255000 23
4396 256500 20
4396 258000 16
4396 259500 12
4438 247500 33
4438 249000 34
4438 250500 34
4438 252000 33
4438 253500 32
4438 255000 31
4438 256500 30
4438 258000 28
4438 259500 26
4438 261000 24
4438 262500 21
4438 264000 18
4438 265500 14
4457 244500 35
4457 246000 37
4457 247500 37
4457 249000 38
4457 250500 37
4457 252000 36
4457 253500 35
4457 255000 33
4457 256500 31
4457 258000 27
4457 259500 23
4457 261000 18
4498 241500 34
4498 243000 36
4498 244500 36
4498 246000 37
4498 247500 37
4498 249000 37
4498 250500 37
4498 252000 36
4498 253500 35
4498 255000 33
4498 256500 31
4498 258000 28
4498 259500 26
4498 261000 22
4498 262500 16
4539 247500 30
4539 249000 31
4539 250500 31
4539 252000 31
4539 253500 31
4539 255000 31
4539 256500 30
4539 258000 29
4539 259500 28
4539 261000 26
4573 246000 36
4573 247500 36
4573 249000 36
4573 250500 36
4573 252000 36
4573 253500 36
4573 255000 35
4573 256500 33
4573 258000 32
4573 259500 30
4573 261000 27
4573 262500 25
4573 264000 23
4573 265500 20
4573 267000 18
4573 268500 17
4615 247500 34
4615 249000 35
4615 250500 35
4615 252000 34
4615 253500 32
4615 255000 29
4615 256500 26
4632 250500 37
4632 252000 37
4632 253500 37
4632 255000 37
4632 256500 37
4632 258000 36
4632 259500 35
4646 244500 38
4646 246000 39
4646 247500 40
4646 249000 40
4646 250500 40
4646 252000 40
4646 253500 39
4646 255000 38
4646 256500 36
4646 258000 35
4646 259500 32
4646 261000 30
4646 262500 26
4646 264000 22
4646 265500 18
4677 244500 30
4677 246000 30
4677 247500 31
4677 249000 31
4677 250500 30
4677 252000 30
4677 253500 29
4677 255000 28
4677 256500 26
4677 258000 24
4677 259500 22
4677 261000 19
4677 262500 16
4677 264000 12
4677 265500 9
4712 244500 35
4712 246000 36
4712 247500 37
4712 249000 38
4712 250500 37
4712 252000 37
4712 253500 36
4712 255000 35
4712 256500 34
4712 258000 32
4712 259500 29
4712 261000 26
4712 262500 23
4712 264000 19
4712 265500 17
4712 267000 14
4737 229500 37
4737 231000 38
4737 232500 38
4737 234000 39
4737 235500 39
4737 237000 38
4737 238500 38
4737 240000 36
4737 241500 35
4737 243000 33
4737 244500 30
4737 246000 27
4737 247500 25
4737 457500 34
4737 459000 35
4737 460500 35
4737 462000 35
4737 463500 35
4737 465000 35
4737 466500 34
4737 468000 33
4737 469500 32
4737 471000 30
4737 472500 29
4737 474000 27
4737 475500 27
4737 477000 26
4737 478500 26
4737 480000 26
4737 481500 27
4737 483000 27
4737 484500 26
4737 486000 26
4737 487500 25
4737 489000 23
4737 490500 22
4737 492000 20
4737 493500 16
4737 502500 18
4737 504000 18
4737 505500 19
4737 507000 19
4737 508500 20
4737 510000 19
4737 511500 19
4737 513000 17
4737 514500 17
4737 516000 17
4737 687000 17
4737 688500 18
4737 690000 18
4737 691500 19
4737 693000 18
4737 694500 18
4737 696000 17
4737 697500 17
4737 699000 17
4737 700500 16
4751 246000 36
4751 247500 37
4751 249000 38
4751 250500 38
4751 252000 38
4751 253500 38
4751 255000 37
4751 256500 36
4751 258000 35
4751 259500 33
4751 261000 31
4751 262500 27
4751 264000 24
4751 265500 18
4751 267000 13
4777 247500 32
4777 249000 32
4777 250500 32
4777 252000 32
4777 253500 32
4777 255000 32
4777 256500 31
4777 258000 30
4777 259500 29
4777 261000 28
4777 262500 26
4777 264000 24
4777 265500 22
4777 267000 19
4777 268500 15
4793 247500 36
4793 249000 36
4793 250500 36
4793 252000 36
4793 253500 36
4793 255000 35
4793 256500 35
4793 258000 34
4793 259500 32
4793 261000 30
4793 262500 28
4793 264000 24
4793 265500 21
4793 267000 17
4793 268500 12
4808 225000 29
4808 226500 30
4808 228000 30
4808 229500 30
4808 231000 29
4808 232500 27
4808 234000 27
4808 235500 28
4808 237000 29
4808 238500 30
4808 240000 31
4808 241500 30
4808 243000 29
4808 244500 27
4808 246000 24
4808 247500 21
4808 249000 18
4808 250500 17
4808 253500 22
4808 255000 23
4808 256500 24
4808 258000 23
4808 259500 23
4808 261000 21
4808 262500 18
4808 264000 17
4808 265500 14
4808 267000 12
4854 489000 21
4854 490500 22
4854 492000 22
4854 493500 23
4854 495000 23
4854 496500 23
4854 498000 23
4854 499500 23
4854 501000 22
4854 502500 20
4854 504000 19
4854 505500 17
4854 507000 14
4854 508500 13
4869 226500 34
4869 228000 35
4869 229500 35
4869 231000 35
4869 232500 34
4869 234000 34
4869 235500 34
4869 237000 35
4869 238500 35
4869 240000 35
4869 241500 35
4869 243000 34
4869 244500 32
4869 246000 30
4869 247500 27
4885 249000 32
4885 250500 33
4885 252000 34
4885 253500 34
4885 255000 34
4885 256500 34
4885 258000 33
4885 259500 32
4885 261000 30
4885 262500 28
4885 264000 26
4885 265500 23
4885 267000 19
4885 268500 14
4918 243000 34
4918 244500 35
4918 246000 36
4918 247500 36
4918 249000 37
4918 250500 37
4918 252000 37
4918 253500 36
4918 255000 36
4918 256500 35
4918 258000 34
4918 259500 33
4918 261000 31
4918 262500 28
4918 264000 25
4918 265500 21
4918 267000 16
4937 246000 41
4937 247500 42
4937 249000 43
4937 250500 43
4937 252000 43
4937 253500 43
4937 255000 42
4937 256500 41
4937 258000 39
4937 259500 37
4937 261000 34
4937 262500 30
4937 264000 25
4937 265500 19
4955 232500 36
4955 234000 37
4955 235500 38
4955 237000 38
4955 238500 38
4955 240000 37
4955 241500 37
4955 243000 36
4955 465000 31
4955 466500 31
4955 468000 32
4955 469500 32
4955 471000 32
4955 472500 32
4955 474000 31
4955 475500 30
4955 477000 28
4955 478500 26
4955 480000 23
4955 481500 19
4955 483000 14
4955 489000 20
4955 490500 22
4955 492000 22
4955 493500 23
4955 495000 22
4955 496500 22
4955 498000 22
4955 499500 22
4955 501000 22
4955 502500 22
4955 504000 22
4955 505500 21
4955 507000 20
4955 508500 19
4955 510000 18
4955 511500 15
4955 520500 14
4955 522000 15
4955 523500 16
4955 525000 16
4955 526500 17
4955 528000 16
4955 529500 16
4955 531000 15
4955 532500 15
4955 534000 15
4986 255000 27
4986 256500 27
4986 258000 27
4986 259500 27
4986 261000 26
4986 262500 25
4986 264000 22
4986 265500 19
4986 267000 15
5065 235500 39
5065 237000 39
5065 238500 40
5065 240000 40
5065 241500 40
5065 243000 40
5065 244500 40
5065 246000 41
5065 247500 41
5065 249000 41
5065 250500 41
5065 252000 40
5065 253500 39
5065 255000 38
5065 256500 37
5065 258000 35
5065 259500 33
5065 261000 30
5065 262500 26
5065 264000 22
5065 265500 18
5065 267000 15
5065 268500 12
5081 229500 29
5081 231000 30
5081 232500 31
5081 234000 31
5081 235500 30
5081 237000 29
5081 238500 29
5081 240000 29
5081 241500 30
5081 243000 31
5081 244500 31
5081 246000 31
5081 247500 30
5081 249000 29
5081 250500 27
5081 252000 25
5081 253500 24
5081 255000 23
5081 256500 22
5081 258000 21
5081 259500 20
5081 261000 18
5081 262500 15
5158 238500 24
5158 240000 26
5158 241500 27
5158 243000 27
5158 244500 26
5158 246000 24
5173 246000 37
5173 247500 38
5173 249000 39
5173 250500 39
5173 252000 39
5173 253500 38
5173 255000 37
5173 256500 36
5173 258000 34
5173 259500 32
5173 261000 29
5296 243000 37
5296 244500 38
5296 246000 39
5296 247500 40
5296 249000 39
5296 250500 39
5296 252000 38
5296 253500 37
5296 255000 35
5296 256500 32
5296 258000 29
5296 259500 25
5296 261000 20
5296 262500 16
5310 240000 36
5310 241500 38
5310 243000 38
5310 244500 39
5310 246000 39
5310 247500 39
5310 249000 38
5310 250500 38
5310 252000 37
5310 253500 36
5310 255000 34
5310 256500 32
5310 258000 29
5310 259500 24
5310 261000 17
5310 478500 17
5310 480000 18
5310 481500 18
5310 483000 18
5310 484500 18
5310 486000 18
5359 237000 32
5359 238500 34
5359 240000 35
5359 241500 35
5359 243000 34
5359 244500 32
5359 246000 30
5359 247500 29
5359 249000 30
5359 250500 32
5359 252000 34
5359 253500 35
5359 255000 34
5359 256500 33
5359 258000 32
5359 259500 29
5359 261000 25
5359 262500 21
5359 264000 15
5376 483000 13
5376 484500 14
5376 486000 15
5376 487500 15
5376 489000 16
5376 490500 16
5376 492000 16
5376 493500 15
5376 495000 14
5376 496500 14
5389 507000 17
5389 508500 18
5389 510000 18
5389 511500 19
5389 513000 18
5389 514500 18
5389 516000 18
5389 517500 18
5389 519000 18
5389 520500 17
5389 522000 15
5389 541500 18
5389 543000 19
5389 544500 19
5389 546000 20
5389 547500 19
5389 549000 19
5389 550500 19
5389 552000 19
5389 553500 19
5389 555000 18
5389 556500 17
5389 558000 16
5514 243000 38
5514 244500 39
5514 246000 40
5514 247500 41
5514 249000 41
5514 250500 41
5514 252000 41
5514 253500 40
5514 255000 39
5514 256500 39
5514 258000 39
5514 259500 38
5514 261000 37
5514 262500 36
5514 264000 34
5514 265500 31
5514 267000 27
5514 268500 23
5528 243000 46
5528 244500 47
5528 246000 48
5528 247500 49
5528 249000 49
5528 250500 49
5528 252000 49
5528 253500 48
5528 255000 47
5528 256500 46
5528 258000 45
5528 259500 43
5528 261000 41
5528 262500 39
5528 264000 37
5528 265500 34
5528 267000 31
5528 268500 27
5528 270000 22
5528 271500 19
5528 273000 16
5528 274500 15
5528 276000 14
5543 238500 30
5543 240000 31
5543 241500 32
5543 243000 32
5543 244500 32
5543 246000 32
5543 247500 32
5543 249000 31
5543 250500 31
5636 238500 35
5636 240000 36
5636 241500 37
5636 243000 36
5636 244500 36
5696 243000 38
5696 244500 40
5696 246000 40
5696 247500 40
5696 249000 40
5696 250500 40
5696 252000 39
5715 243000 32
5715 244500 33
5715 246000 34
5715 247500 34
5715 249000 34
5715 250500 33
5715 252000 33
5715 253500 32
5724 240000 31
5724 241500 32
5724 243000 33
5724 244500 33
5724 246000 33
5724 247500 33
5724 249000 32
5759 246000 35
5759 247500 36
5759 249000 36
5759 250500 36
5759 252000 36
5759 253500 34
5759 255000 32
5777 244500 36
5777 246000 38
5777 247500 38
5777 249000 39
5777 250500 39
5777 252000 38
5777 487500 19
5777 489000 20
5777 490500 21
5777 492000 21
5777 493500 20
5777 495000 20
5777 496500 20
5777 498000 20
5810 246000 33
5810 247500 34
5810 249000 35
5810 250500 35
5810 252000 35
5810 253500 35
5858 246000 32
5858 247500 33
5858 249000 34
5858 250500 35
5858 252000 35
5858 253500 35
5858 255000 34
5858 256500 34
5889 244500 32
5889 246000 33
5889 247500 34
5889 249000 35
5889 250500 35
5889 252000 34
5889 253500 32
5889 255000 31
5889 495000 21
5889 496500 22
5889 498000 22
5889 499500 23
5889 501000 23
5889 502500 23
5889 504000 22
5889 505500 21
5889 507000 20
5889 508500 19
5889 510000 18
5916 241500 19
5916 243000 20
5916 244500 21
5916 246000 22
5916 247500 21
5916 249000 20
5916 250500 19
5971 517500 23
5971 519000 24
5971 520500 25
5971 522000 25
5971 523500 24
5971 525000 24
5971 526500 23
5971 528000 22
5971 529500 22
5971 531000 23
5971 532500 23
5971 534000 23
5971 535500 23
5971 537000 23
5971 538500 22
5971 540000 21
5971 541500 20
5996 247500 29
5996 249000 30
5996 250500 31
5996 252000 31
5996 253500 31
5996 255000 31
5996 256500 31
5996 258000 30
5996 259500 30
6016 244500 24
6016 246000 25
6016 247500 26
6016 249000 26
6016 250500 25
6016 252000 24
6016 253500 23
6016 523500 17
6016 525000 16
6016 526500 15
6016 528000 14
6016 529500 15
6016 531000 17
6016 532500 17
6016 534000 19
6016 535500 20
6016 537000 19
6016 538500 19
6016 540000 18
6016 541500 16
6016 543000 15
6016 544500 16
6016 546000 16
6016 547500 17
6016 549000 17
6016 550500 16
6016 552000 14
6034 247500 28
6034 249000 30
6034 250500 31
6034 252000 31
6034 253500 31
6057 252000 33
6057 253500 34
6057 255000 34
6057 256500 35
6057 258000 35
6057 259500 34
6057 261000 32
6057 262500 30
6072 501000 23
6072 502500 24
6072 504000 24
6072 505500 24
6072 507000 24
6072 508500 24
6072 510000 23
6072 511500 22
6072 513000 22
6072 514500 21
6072 516000 20
6123 253500 34
6123 255000 35
6123 256500 35
6123 258000 36
6123 259500 35
6123 261000 34
6123 262500 33
6123 264000 33
6147 253500 32
6147 255000 33
6147 256500 34
6147 258000 34
6147 259500 34
6147 261000 34
6147 262500 33
6147 264000 31
6147 265500 31
6176 252000 20
6176 253500 21
6176 255000 22
6176 256500 22
6176 258000 22
6204 252000 30
6204 253500 31
6204 255000 32
6204 256500 32
6204 258000 32
6204 259500 32
6204 261000 31
6204 262500 30
6204 264000 28
6204 265500 25
6227 255000 36
6227 256500 37
6227 258000 38
6227 259500 38
6227 261000 39
6227 262500 38
6227 264000 37
6227 265500 36
6227 267000 34
6227 268500 32
6227 270000 29
6227 271500 29
6245 252000 16
6245 253500 18
6245 255000 18
6245 256500 18
6245 258000 16
6245 259500 14
6287 258000 35
6287 259500 36
6287 261000 37
6287 262500 37
6287 264000 37
6287 265500 37
6287 267000 36
6287 268500 34
6287 270000 33
6287 271500 31
6287 273000 31
6310 256500 29
6310 258000 30
6310 259500 30
6310 261000 31
6310 262500 30
6310 264000 30
6310 265500 30
6310 267000 30
6310 268500 30
6310 270000 29
6310 271500 28
6310 273000 27
6344 258000 41
6344 259500 43
6344 261000 43
6344 262500 44
6344 264000 44
6344 265500 44
6344 267000 43
6344 268500 42
6344 270000 40
6344 271500 38
6344 273000 36
6344 274500 34
6344 276000 34
6344 516000 21
6344 517500 22
6344 519000 22
6344 520500 23
6344 522000 23
6344 523500 23
6344 525000 23
6344 526500 23
6344 528000 22
6344 529500 21
6344 531000 19
6344 532500 18
6379 261000 40
6379 262500 41
6379 264000 42
6379 265500 42
6379 267000 42
6379 268500 42
6379 270000 41
6379 271500 39
6379 273000 38
6379 274500 36
6379 276000 35
6379 517500 21
6379 519000 22
6379 520500 22
6379 522000 22
6379 523500 22
6379 525000 22
6379 526500 22
6379 528000 21
6379 529500 20
6379 531000 20
6379 532500 19
6379 534000 18
6391 259500 39
6391 261000 40
6391 262500 41
6391 264000 41
6391 265500 42
6391 267000 42
6391 268500 41
6391 270000 41
6391 271500 40
6391 273000 39
6391 274500 37
6391 276000 36
6391 528000 15
6391 529500 16
6391 531000 17
6391 532500 17
6391 534000 17
6391 535500 16
6391 537000 15
6391 538500 13
6419 258000 32
6419 259500 33
6419 261000 34
6419 262500 34
6419 264000 33
6419 265500 33
6419 267000 33
6419 268500 34
6419 270000 34
6419 271500 34
6419 273000 34
6419 274500 33
6419 276000 32
6419 277500 32
6419 522000 12
6419 523500 13
6419 525000 14
6419 526500 13
6419 528000 14
6419 529500 15
6419 531000 14
6419 532500 15
6419 534000 14
6419 535500 14
6419 537000 13
6419 538500 12
6419 540000 12
6435 256500 27
6435 258000 29
6435 259500 29
6435 261000 28
6435 262500 28
6435 264000 25
6435 265500 23
6435 267000 22
6458 262500 40
6458 264000 41
6458 265500 42
6458 267000 42
6458 268500 42
6458 270000 41
6458 271500 41
6458 273000 39
6458 274500 37
6458 276000 34
6458 277500 31
6497 127500 47
6497 129000 47
6497 130500 47
6497 132000 47
6497 133500 47
6497 135000 47
6497 136500 47
6497 138000 47
6513 264000 41
6513 265500 42
6513 267000 43
6513 268500 43
6513 270000 43
6513 271500 43
6513 273000 42
6513 274500 41
6513 276000 39
6513 277500 37
6513 279000 34
6513 280500 31
6513 282000 29
6513 283500 28
6513 517500 18
6513 519000 20
6513 520500 20
6513 522000 20
6513 523500 20
6513 525000 20
6513 526500 20
6513 528000 20
6513 529500 20
6513 531000 19
6513 532500 19
6513 534000 19
6513 535500 19
6513 537000 19
6513 538500 19
6513 540000 18
6513 541500 17
6513 543000 16
6513 544500 15
6537 265500 34
6537 267000 35
6537 268500 36
6537 270000 37
6537 271500 37
6537 273000 36
6537 274500 35
6537 276000 34
6537 277500 32
6537 279000 29
6537 280500 26
6537 282000 23
6537 283500 23
6556 265500 40
6556 267000 41
6556 268500 42
6556 270000 43
6556 271500 43
6556 273000 43
6556 274500 42
6556 276000 41
6556 277500 39
6556 279000 37
6556 280500 35
6556 282000 32
6556 283500 28
6556 285000 24
6556 286500 21
6556 522000 15
6556 523500 16
6556 525000 16
6556 526500 16
6556 528000 16
6556 529500 16
6556 531000 16
6556 532500 16
6556 534000 15
6556 535500 16
6556 537000 17
6556 538500 17
6556 540000 17
6556 541500 18
6556 543000 17
6556 544500 17
6556 546000 16
6576 265500 47
6576 267000 48
6576 268500 49
6576 270000 49
6576 271500 49
6576 273000 49
6576 274500 48
6576 276000 47
6576 277500 45
6576 279000 43
6576 280500 41
6576 282000 38
6576 283500 34
6576 285000 29
6576 286500 24
6576 525000 19
6576 526500 20
6576 528000 21
6576 529500 21
6576 531000 22
6576 532500 21
6576 534000 21
6576 535500 21
6576 537000 20
6576 538500 19
6576 540000 19
6576 541500 18
6576 543000 17
6586 264000 39
6586 265500 40
6586 267000 41
6586 268500 41
6586 270000 41
6586 271500 41
6586 273000 41
6586 274500 41
6586 276000 41
6586 277500 41
6586 279000 40
6586 280500 38
6586 282000 36
6586 283500 33
6586 285000 29
6586 286500 24
6586 288000 23
6586 528000 14
6586 529500 14
6586 531000 15
6586 532500 15
6586 534000 15
6586 535500 15
6586 537000 12
6586 538500 10
6586 546000 10
6586 547500 12
6586 549000 11
6586 550500 10
6586 552000 11
6586 553500 10
6615 264000 38
6615 265500 40
6615 267000 40
6615 268500 40
6615 270000 40
6615 271500 39
6615 273000 39
6615 274500 39
6615 276000 39
6615 277500 40
6615 279000 39
6615 280500 39
6615 282000 37
6615 283500 35
6615 285000 32
6615 286500 29
6615 288000 25
6615 289500 24
6615 534000 18
6615 535500 19
6615 537000 19
6615 538500 19
6615 540000 19
6615 541500 19
6615 543000 18
6615 544500 18
6615 546000 18
6615 547500 17
6615 549000 17
6628 268500 41
6628 270000 42
6628 271500 43
6628 273000 43
6628 274500 43
6628 276000 43
6628 277500 43
6628 279000 42
6628 280500 40
6628 282000 39
6628 283500 37
6628 285000 34
6628 286500 30
6628 288000 26
6628 289500 20
6628 291000 18
6628 519000 15
6628 520500 16
6628 522000 17
6628 523500 17
6628 525000 16
6628 526500 16
6628 528000 16
6628 529500 16
6628 531000 17
6628 532500 17
6628 534000 18
6628 535500 17
6628 537000 17
6628 538500 17
6628 540000 17
6628 541500 17
6628 543000 16
6653 270000 44
6653 271500 45
6653 273000 45
6653 274500 46
6653 276000 46
6653 277500 45
6653 279000 44
6653 280500 43
6653 282000 41
6653 283500 39
6653 285000 36
6653 286500 33
6653 288000 28
6653 289500 24
6653 291000 19
6653 292500 16
6674 268500 44
6674 270000 45
6674 271500 45
6674 273000 46
6674 274500 46
6674 276000 46
6674 277500 46
6674 279000 45
6674 280500 44
6674 282000 42
6674 283500 41
6674 285000 38
6674 286500 35
6674 288000 31
6674 289500 26
6674 291000 21
6674 292500 18
6674 294000 17
6687 270000 38
6687 271500 39
6687 273000 40
6687 274500 40
6687 276000 40
6687 277500 40
6687 279000 39
6687 280500 37
6687 282000 35
6702 271500 38
6702 273000 39
6702 274500 39
6702 276000 38
6702 277500 37
6702 279000 35
6729 271500 42
6729 273000 43
6729 274500 43
6729 276000 44
6729 277500 44
6729 279000 43
6729 280500 43
6729 282000 42
6729 283500 40
6729 285000 39
6729 286500 36
6729 288000 34
6729 289500 31
6729 291000 27
6729 544500 30
6729 546000 31
6729 547500 32
6729 549000 32
6729 550500 32
6729 552000 31
6729 553500 30
6729 555000 28
6729 556500 26
6742 273000 40
6742 274500 41
6742 276000 42
6742 277500 42
6742 279000 42
6742 280500 42
6742 282000 41
6742 283500 41
6742 285000 39
6742 286500 37
6742 288000 35
6742 289500 32
6742 291000 29
6742 292500 24
6742 294000 19
6742 544500 25
6742 546000 25
6742 547500 26
6742 549000 27
6742 550500 27
6742 552000 26
6742 553500 26
6742 555000 25
6742 556500 23
6742 558000 22
6742 559500 19
6742 561000 16
6763 274500 36
6763 276000 37
6763 277500 37
6763 279000 38
6763 280500 38
6763 282000 37
6763 283500 37
6763 285000 35
6763 286500 34
6763 288000 32
6763 289500 30
6763 291000 27
6763 292500 23
6763 541500 23
6763 543000 25
6763 544500 26
6763 546000 26
6763 547500 26
6763 549000 26
6763 550500 25
6763 552000 24
6763 553500 23
6763 555000 22
6826 270000 37
6826 271500 38
6826 273000 39
6826 274500 39
6826 276000 39
6826 277500 38
6826 279000 36
6826 280500 36
6826 282000 37
6826 283500 38
6826 285000 39
6826 286500 39
6826 288000 39
6826 289500 38
6826 291000 36
6826 292500 34
6826 294000 31
6826 295500 26
6826 297000 22
6826 298500 20
6826 300000 19
6826 301500 18
6852 277500 46
6852 279000 48
6852 280500 48
6852 282000 49
6852 283500 49
6852 285000 49
6852 286500 48
6852 288000 48
6852 289500 46
6852 291000 45
6852 292500 43
6852 294000 40
6852 295500 36
6852 297000 32
6852 298500 27
6852 300000 22
6852 547500 29
6852 549000 30
6852 550500 31
6852 552000 31
6852 553500 31
6852 555000 31
6852 556500 30
6852 558000 29
6852 559500 28
6852 561000 26
6852 562500 24
6870 325500 30
6870 327000 30
6870 328500 31
6870 330000 31
6870 331500 31
6870 333000 31
6870 334500 31
6870 336000 31
6870 337500 31
6870 339000 31
6870 340500 31
6870 342000 31
6870 343500 32
6870 345000 31
6870 346500 31
6870 348000 31
6870 349500 30
6870 351000 29
6870 352500 28
6870 354000 27
6870 355500 25
6870 357000 24
6870 570000 22
6870 571500 23
6870 573000 23
6870 574500 23
6870 576000 23
6870 577500 23
6870 600000 24
6870 601500 26
6870 603000 26
6870 604500 27
6870 606000 26
6870 607500 26
6870 609000 25
6870 610500 24
6870 612000 22
6883 274500 41
6883 276000 42
6883 277500 42
6883 279000 43
6883 280500 43
6883 282000 43
6883 283500 43
6883 285000 42
6883 286500 42
6883 288000 41
6883 289500 39
6883 291000 37
6883 292500 35
6883 294000 32
6883 295500 28
6883 297000 24
6914 277500 47
6914 279000 48
6914 280500 49
6914 282000 49
6914 283500 49
6914 285000 49
6914 286500 48
6914 288000 47
6914 289500 46
6914 291000 44
6914 292500 41
6914 294000 38
6914 295500 35
6914 297000 31
6914 298500 27
6914 300000 23
6926 279000 47
6926 280500 49
6926 282000 50
6926 283500 50
6926 285000 50
6926 286500 49
6926 288000 48
6957 279000 53
6957 280500 54
6957 282000 55
6957 283500 55
6957 285000 55
6957 286500 55
6957 288000 55
6957 289500 54
6957 291000 53
6957 292500 51
6957 294000 49
6957 295500 45
6978 280500 53
6978 282000 54
6978 283500 55
6978 285000 56
6978 286500 56
6978 288000 56
6978 289500 55
6978 291000 53
6978 292500 51
6990 280500 51
6990 282000 52
6990 283500 53
6990 285000 53
6990 286500 53
6990 288000 53
6990 289500 52
6990 291000 51
6990 292500 49
6990 294000 47
6990 295500 45
6990 297000 41
6990 298500 37
6990 300000 32
7011 282000 50
7011 283500 51
7011 285000 52
7011 286500 53
7011 288000 53
7011 289500 53
7011 291000 52
7011 292500 52
7011 294000 51
7011 295500 49
7011 297000 47
7011 298500 45
7011 300000 42
7011 301500 38
7011 303000 34
7011 304500 29
7023 280500 45
7023 282000 46
7023 283500 47
7023 285000 48
7023 286500 48
7023 288000 47
7023 289500 46
7023 291000 45
7023 292500 43
7023 294000 41
7023 295500 39
7023 297000 36
7023 298500 35
7023 300000 34
7023 301500 32
7023 303000 30
7023 304500 28
7023 306000 25
7023 558000 25
7023 559500 26
7023 561000 27
7023 562500 27
7023 564000 26
7023 565500 24
7056 282000 38
7056 283500 40
7056 285000 40
7056 286500 41
7056 288000 40
7056 289500 40
7056 291000 39
7056 292500 38
7056 294000 38
7056 295500 38
7056 297000 38
7056 298500 38
7056 300000 37
7056 301500 36
7056 303000 35
7056 304500 33
7056 306000 30
7072 286500 44
7072 288000 46
7072 289500 47
7072 291000 47
7072 292500 47
7072 294000 47
7072 295500 46
7072 297000 45
7072 298500 43
7072 300000 41
7072 301500 39
7072 303000 35
7083 282000 34
7083 283500 36
7083 285000 36
7083 286500 36
7083 288000 35
7083 289500 33
7083 294000 35
7083 295500 36
7083 297000 36
7083 298500 36
7083 300000 34
7147 291000 40
7147 292500 41
7147 294000 41
7147 295500 41
7147 297000 41
7147 298500 41
7147 300000 40
7147 301500 39
7147 303000 37
7147 304500 35
7147 306000 33
7162 291000 42
7162 292500 43
7162 294000 43
7162 295500 44
7162 297000 44
7162 298500 44
7162 300000 44
7162 301500 43
7162 303000 42
7162 304500 41
7162 306000 40
7162 307500 38
7187 289500 38
7187 291000 39
7187 292500 40
7187 294000 40
7187 295500 39
7187 297000 38
7187 298500 37
7187 300000 34
7187 301500 31
7222 475500 36
7222 477000 36
7222 478500 37
7222 480000 37
7222 481500 38
7222 483000 38
7222 484500 38
7222 486000 37
7222 487500 34
7222 489000 33
7222 493500 40
7222 495000 41
7222 496500 42
7222 498000 42
7222 499500 42
7222 501000 41
7222 502500 40
7222 504000 40
7222 505500 39
7222 507000 38
7222 508500 37
7222 510000 37
7222 511500 36
7222 513000 35
7222 514500 34
7222 516000 32
7222 517500 31
7222 519000 29
7222 520500 26
7222 774000 29
7222 775500 30
7222 777000 31
7222 778500 30
7222 780000 30
7222 781500 29
7222 783000 28
7222 784500 26
7278 297000 42
7278 298500 43
7278 300000 44
7278 301500 44
7278 303000 44
7278 304500 43
7278 306000 43
7278 307500 41
7278 309000 40
7278 310500 38
7278 312000 35
7377 301500 39
7377 303000 41
7377 304500 41
7377 306000 42
7377 307500 42
7377 309000 42
7377 310500 41
7377 312000 41
7377 313500 40
7377 315000 39
7377 316500 38
7377 318000 37
7377 319500 35
7377 321000 34
7377 322500 32
7377 324000 30
7389 303000 35
7389 304500 36
7389 306000 36
7389 307500 36
7389 309000 36
7389 310500 36
7389 312000 35
7389 313500 34
7389 315000 33
7389 316500 31
7389 318000 29
7389 319500 27
7469 312000 29
7469 313500 29
7469 315000 30
7469 316500 31
7469 318000 31
7469 319500 31
7469 321000 31
7469 322500 31
7469 324000 30
7469 325500 29
7469 327000 28
7469 328500 26
7485 310500 39
7485 312000 40
7485 313500 41
7485 315000 42
7485 316500 42
7485 318000 42
7485 319500 41
7485 321000 40
7485 322500 40
7485 324000 38
7485 325500 37
7485 327000 36
7485 328500 34
7485 330000 33
7485 331500 31
7485 333000 29
7514 312000 36
7514 313500 37
7514 315000 38
7514 316500 38
7514 318000 38
7514 319500 39
7514 321000 39
7514 322500 39
7514 324000 39
7514 325500 38
7514 327000 38
7514 328500 37
7514 330000 36
7514 331500 36
7514 333000 35
7514 334500 34
7514 336000 32
7514 337500 30
7514 339000 28
7514 340500 26
7586 318000 35
7586 319500 35
7586 321000 36
7586 322500 36
7586 324000 36
7586 325500 37
7586 327000 37
7586 328500 37
7586 330000 36
7586 331500 36
7586 333000 35
7586 334500 33
7586 336000 32
7586 337500 30
7586 339000 28
7586 340500 25
7604 321000 46
7604 322500 47
7604 324000 48
7604 325500 49
7604 327000 49
7604 328500 49
7604 330000 48
7604 331500 47
7604 333000 45
7604 334500 43
7604 336000 41
7604 337500 38
7604 339000 35
7604 340500 31
7604 676500 30
7604 678000 31
7604 679500 31
7604 681000 31
7604 682500 30
7604 684000 30
7696 330000 38
7696 331500 40
7696 333000 40
7696 334500 41
7696 336000 41
7696 337500 41
7696 339000 40
7696 340500 39
7696 342000 37
7696 343500 36
7696 345000 34
7696 346500 32
7696 348000 31
7696 349500 30
7696 351000 31
7696 352500 31
7696 354000 30
7696 355500 29
7696 357000 29
7696 358500 27
7696 360000 25
7696 361500 24
7696 613500 24
7696 615000 25
7696 616500 26
7696 618000 26
7696 619500 26
7696 621000 27
7696 622500 26
7696 624000 26
7696 625500 25
7696 627000 24
7696 628500 23
7714 331500 35
7714 333000 36
7714 334500 36
7714 336000 36
7714 337500 36
7714 339000 35
7714 340500 34
7714 342000 32
7714 343500 30
7714 345000 28
7714 346500 27
7714 348000 25
7714 349500 24
7714 351000 22
7714 352500 20
7714 357000 21
7714 358500 22
7714 360000 23
7714 361500 23
7714 363000 22
7714 364500 21
7714 366000 20
7714 636000 22
7714 637500 23
7714 639000 24
7714 640500 24
7714 642000 24
7714 643500 24
7714 645000 23
7714 646500 23
7714 648000 20
7714 658500 24
7714 660000 25
7714 661500 26
7714 663000 26
7714 664500 27
7714 666000 26
7714 667500 26
7714 669000 25
7714 670500 24
7714 672000 23
7714 673500 23
7714 675000 22
7714 676500 21
7714 682500 24
7714 684000 25
7714 685500 26
7714 687000 26
7714 688500 26
7714 690000 26
7714 691500 26
7714 693000 25
7714 694500 25
7714 696000 24
7714 697500 23
7714 699000 22
7714 700500 22
7737 334500 24
7737 336000 25
7737 337500 25
7737 339000 25
7737 340500 24
7737 342000 23
7737 343500 23
7737 345000 24
7737 346500 26
7737 348000 27
7737 349500 27
7737 351000 26
7737 352500 25
7737 354000 23
7737 355500 21
7737 357000 19
7737 358500 18
7737 360000 18
7737 361500 19
7737 363000 20
7737 364500 21
7737 366000 20
7737 367500 20
7737 369000 19
7737 370500 18
7737 372000 17
7737 373500 15
7737 700500 15
7737 702000 17
7737 703500 18
7737 705000 18
7737 706500 17
7737 708000 16
7737 709500 15
7737 711000 15
7748 337500 39
7748 339000 40
7748 340500 41
7748 342000 41
7748 343500 42
7748 345000 42
7748 346500 41
7748 348000 41
7748 349500 40
7748 351000 39
7748 352500 38
7748 354000 36
7748 355500 33
7748 357000 31
7748 358500 28
7748 360000 25
7748 361500 23
7748 715500 24
7748 717000 24
7748 718500 25
7748 720000 26
7748 721500 26
7748 723000 26
7748 724500 27
7748 726000 27
7748 727500 27
7748 729000 26
7748 730500 26
7748 732000 24
7748 733500 23
7748 735000 21
7790 343500 43
7790 345000 44
7790 346500 45
7790 348000 46
7790 349500 46
7790 351000 46
7790 352500 45
7790 354000 44
7790 355500 43
7790 357000 42
7790 358500 40
7790 360000 39
7790 361500 38
7790 363000 37
7790 364500 36
7790 366000 35
7790 367500 34
7790 369000 33
7790 370500 31
7790 372000 29
7790 373500 27
7790 375000 24
7790 376500 21
7790 664500 21
7790 666000 22
7790 667500 23
7790 669000 23
7790 670500 23
7790 672000 23
7790 673500 23
7790 675000 23
7790 676500 22
7790 678000 22
7790 679500 21
7790 681000 21
7790 682500 20
7790 684000 20
7790 685500 20
7790 687000 20
7790 688500 19
7790 709500 25
7790 711000 26
7790 712500 27
7790 714000 27
7790 715500 28
7790 717000 27
7790 718500 27
7790 720000 25
7790 721500 24
7790 723000 22
7790 724500 20
7790 729000 21
7790 730500 22
7790 732000 23
7790 733500 23
7790 735000 22
7790 736500 22
7790 738000 20
7813 346500 35
7813 348000 36
7813 349500 36
7813 351000 37
7813 352500 36
7813 354000 36
7813 355500 35
7813 357000 33
7813 358500 31
7813 360000 28
7813 361500 26
7813 363000 25
7813 364500 26
7813 366000 27
7813 367500 28
7813 369000 29
7813 370500 29
7813 372000 28
7813 373500 28
7813 375000 28
7813 376500 27
7813 378000 27
7813 379500 26
7813 381000 25
7813 382500 23
7813 384000 22
7813 385500 20
7813 387000 18
7813 655500 18
7813 657000 19
7813 658500 19
7813 660000 20
7813 661500 20
7813 663000 21
7813 664500 21
7813 666000 20
7813 667500 20
7813 669000 19
7813 670500 18
7813 682500 17
7813 684000 17
7813 685500 18
7813 687000 19
7813 688500 19
7813 690000 19
7813 691500 19
7813 693000 19
7813 694500 19
7813 696000 18
7813 697500 18
7813 699000 17
7813 720000 26
7813 721500 27
7813 723000 28
7813 724500 28
7813 726000 28
7813 727500 28
7813 729000 27
7813 730500 27
7813 732000 26
7813 733500 24
7813 735000 23
7813 736500 21
7813 738000 19
7836 349500 27
7836 351000 28
7836 352500 29
7836 354000 29
7836 355500 27
7836 357000 26
7836 358500 22
7836 360000 19
7836 361500 20
7836 363000 24
7836 364500 25
7836 366000 26
7836 367500 25
7836 369000 24
7836 370500 21
7836 372000 17
7836 388500 17
7836 390000 17
7836 391500 17
7836 393000 17
7836 394500 17
7836 396000 16
7836 670500 16
7836 672000 17
7836 673500 18
7836 675000 17
7836 676500 17
7836 678000 17
7959 370500 37
7959 372000 38
7959 373500 38
7959 375000 39
7959 376500 39
7959 378000 39
7959 379500 39
7959 381000 38
7959 382500 37
7959 384000 37
7959 385500 36
7959 792000 35
7959 793500 35
7959 795000 36
7959 796500 36
7959 798000 36
7959 799500 35
7959 801000 35
8010 382500 30
8010 384000 31
8010 385500 32
8010 387000 32
8010 388500 32
8010 390000 30
8010 391500 29
8010 393000 27
8010 514500 32
8010 516000 33
8010 517500 34
8010 519000 34
8010 520500 34
8010 522000 34
8010 523500 33
8010 525000 31
8010 526500 28
8010 535500 41
8010 537000 42
8010 538500 43
8010 540000 43
8010 541500 43
8010 543000 43
8010 544500 42
8010 546000 41
8010 547500 40
8010 549000 39
8010 550500 37
8010 552000 35
8010 553500 34
8010 555000 33
8010 556500 32
8010 558000 31
8010 559500 30
8010 561000 29
8010 562500 28
8010 564000 27
8010 795000 34
8010 796500 35
8010 798000 35
8010 799500 36
8010 801000 36
8010 802500 36
8010 804000 36
8010 805500 36
8010 807000 35
8010 808500 34
8010 810000 29
8010 811500 29
8035 393000 26
8035 394500 27
8035 396000 28
8035 397500 29
8035 399000 29
8035 400500 29
8035 402000 29
8035 403500 28
8035 405000 27
8035 406500 27
8035 408000 26
8035 409500 24
8035 411000 23
8035 516000 23
8035 517500 24
8035 519000 25
8035 520500 25
8035 522000 26
8035 523500 25
8035 525000 25
8035 526500 24
8035 537000 30
8035 538500 31
8035 540000 32
8035 541500 32
8035 543000 32
8035 544500 32
8035 546000 31
8035 547500 30
8035 549000 29
8035 550500 27
8035 552000 26
8035 553500 24
8035 673500 25
8035 675000 26
8035 676500 26
8035 678000 26
8035 679500 26
8035 681000 26
8035 682500 25
8035 684000 25
8035 685500 24
8035 687000 23
8035 688500 23
8035 790500 24
8035 792000 25
8035 793500 26
8035 795000 26
8035 796500 26
8035 798000 25
8035 799500 25
8035 801000 24
8035 802500 24
8035 804000 24
8035 805500 24
8035 807000 24
8035 808500 24
8056 399000 29
8056 400500 30
8056 402000 31
8056 403500 31
8056 405000 31
8056 406500 31
8056 408000 30
8056 409500 29
8056 411000 27
8056 412500 25
8056 414000 24
8056 552000 31
8056 553500 32
8056 555000 33
8056 556500 33
8056 558000 34
8056 559500 33
8056 561000 32
8056 562500 31
8056 564000 30
8056 565500 28
8056 567000 25
8056 673500 27
8056 675000 27
8056 676500 28
8056 678000 29
8056 679500 29
8056 681000 29
8056 682500 29
8056 684000 29
8056 685500 28
8056 687000 27
8056 688500 25
8056 690000 24
8056 705000 23
8056 706500 24
8056 708000 24
8056 709500 25
8056 711000 25
8056 712500 25
8056 714000 25
8056 715500 25
8056 717000 24
8056 718500 23
8112 414000 31
8112 415500 32
8112 417000 33
8112 418500 33
8112 420000 33
8112 421500 32
8112 423000 32
8112 424500 30
8112 426000 29
8112 427500 28
8112 429000 28
8112 430500 27
8112 432000 26
8112 525000 30
8112 526500 32
8112 528000 32
8112 529500 32
8112 531000 31
8112 532500 30
8112 534000 27
8112 562500 32
8112 564000 34
8112 565500 34
8112 567000 35
8112 568500 34
8112 570000 34
8112 571500 33
8112 573000 32
8112 574500 31
8112 576000 29
8112 577500 27
8112 627000 33
8112 628500 34
8112 630000 34
8112 631500 35
8112 633000 35
8112 634500 36
8112 636000 35
8112 637500 35
8112 639000 34
8112 640500 33
8112 642000 31
8112 643500 29
8112 645000 27
8112 682500 26
8112 684000 27
8112 685500 27
8112 687000 28
8112 688500 27
8112 690000 27
8112 691500 26
8112 693000 26
8135 541500 37
8135 543000 38
8135 544500 39
8135 546000 40
8135 547500 40
8135 549000 40
8135 550500 40
8135 552000 39
8135 553500 37
8154 429000 33
8154 430500 34
8154 432000 35
8154 433500 35
8154 435000 35
8154 436500 35
8154 438000 34
8154 439500 33
8154 441000 31
8154 442500 29
8154 444000 27
8154 445500 24
8154 546000 28
8154 547500 29
8154 549000 29
8154 550500 29
8154 552000 29
8154 553500 28
8154 561000 35
8154 562500 37
8154 564000 37
8154 565500 38
8154 567000 38
8154 568500 38
8154 570000 37
8154 571500 36
8154 573000 35
8154 574500 34
8154 576000 33
8154 577500 31
8154 579000 29
8154 580500 28
8154 582000 26
8154 583500 25
8154 619500 24
8154 621000 25
8154 622500 26
8154 624000 26
8154 625500 26
8154 627000 26
8154 628500 26
8154 630000 25
8154 631500 25
8154 633000 25
8154 634500 26
8154 636000 26
8154 637500 26
8154 639000 25
8154 640500 25
8154 642000 25
8154 643500 25
8154 645000 25
8154 646500 24
8154 648000 23
8154 733500 24
8154 735000 26
8154 736500 26
8154 738000 26
8154 739500 26
8154 741000 26
8154 742500 25
8154 744000 24
8197 576000 24
8197 577500 26
8197 579000 26
8197 580500 27
8197 582000 27
8197 583500 26
8197 585000 26
8197 586500 25
8197 588000 24
8197 589500 22
8197 591000 21
8197 592500 20
8197 594000 19
8197 595500 19
8197 597000 19
8197 598500 18
8197 600000 18
8197 601500 17
8197 648000 17
8197 649500 18
8197 651000 19
8197 652500 19
8197 654000 18
8197 655500 18
8197 729000 25
8197 730500 25
8197 732000 26
8197 733500 26
8197 735000 27
8197 736500 27
8197 738000 26
8197 739500 26
8197 741000 26
8197 742500 25
8197 744000 24
8197 745500 24
8197 747000 23
8197 748500 23
8197 750000 22
8197 751500 22
8197 753000 21
8197 754500 20
8197 756000 19
8197 786000 24
8197 787500 24
8197 789000 25
8197 790500 26
8197 792000 26
8197 793500 26
8197 795000 25
8197 796500 25
8197 798000 23
8197 799500 22
8197 801000 20
8197 802500 19
8213 576000 16
8213 577500 17
8213 579000 18
8213 580500 18
8213 582000 18
8213 583500 18
8213 585000 17
8213 586500 16
8213 756000 23
8213 757500 24
8213 759000 25
8213 760500 25
8213 762000 26
8213 763500 26
8213 765000 26
8213 766500 25
8213 768000 25
8213 769500 23
8213 771000 22
8213 772500 21
8213 774000 20
8213 775500 19
8213 777000 18
8213 778500 18
8213 780000 17
8213 784500 19
8213 786000 20
8213 787500 21
8213 789000 22
8213 790500 22
8213 792000 21
8213 793500 21
8213 795000 20
8213 796500 18
8213 798000 16
8213 805500 22
8213 807000 24
8213 808500 25
8213 810000 21
8213 811500 22
8235 630000 18
8235 631500 19
8235 633000 19
8235 634500 19
8235 636000 19
8235 637500 18
8235 639000 19
8235 640500 18
8235 642000 18
8235 643500 17
8235 751500 19
8235 753000 20
8235 754500 21
8235 756000 21
8235 757500 20
8235 759000 19
8235 760500 17
8235 771000 20
8235 772500 21
8235 774000 22
8235 775500 22
8235 777000 22
8235 778500 22
8235 780000 22
8235 781500 22
8235 783000 22
8235 784500 22
8235 786000 23
8235 787500 23
8235 789000 23
8235 790500 23
8235 792000 22
8235 793500 21
8235 795000 19
8235 796500 18
8235 798000 17
8247 723000 15
8247 724500 15
8247 726000 16
8247 727500 17
8247 729000 17
8247 730500 17
8247 732000 16
8247 733500 16
8280 636000 13
8280 637500 15
8280 639000 15
8280 640500 15
8280 642000 14
8280 643500 13
8280 801000 14
8280 802500 15
8280 804000 17
8280 805500 16
8280 807000 16
8280 808500 14
8315 144000 36
8315 145500 36
8315 147000 36
8315 148500 36
8315 150000 36
8315 151500 36
8315 153000 36
8315 154500 36
8315 222000 36
8315 223500 36
8315 225000 37
8315 226500 37
8315 228000 37
8315 229500 37
8315 231000 37
8369 675000 15
8369 676500 16
8369 678000 17
8369 679500 17
8369 681000 17
8369 682500 17
8369 684000 16
8369 685500 16
8369 687000 15
8395 642000 14
8395 643500 14
8395 645000 14
8395 646500 15
8395 648000 15
8395 649500 16
8395 651000 15
8395 652500 14
8395 654000 13
8395 655500 14
8395 657000 13
8395 658500 14
8395 660000 15
8395 661500 16
8395 663000 16
8395 664500 16
8395 666000 15
8395 667500 14
8395 669000 12
8413 672000 17
8413 673500 17
8413 675000 18
8413 676500 18
8413 678000 17
8413 679500 17
8413 681000 16
8413 682500 15
8450 768000 18
8450 769500 18
8450 771000 19
8450 772500 19
8450 774000 19
8450 775500 18
8450 777000 18
8528 655500 14
8528 657000 15
8528 658500 16
8528 660000 16
8528 661500 16
8528 663000 16
8528 664500 17
8528 666000 17
8528 667500 17
8528 669000 17
8528 670500 17
8528 672000 17
8528 673500 17
8528 675000 16
8528 676500 17
8528 678000 15
8528 679500 16
8528 681000 15
8528 682500 16
8528 684000 16
8528 685500 15
8639 669000 14
8639 670500 14
8639 672000 15
8639 673500 15
8639 675000 15
8639 676500 16
8639 678000 15
8639 679500 15
8639 681000 13
8686 637500 11
8686 639000 12
8686 640500 11
8686 642000 11
8686 643500 11
8686 645000 11
8823 751500 11
8823 753000 12
8823 754500 14
8823 756000 14
8823 757500 14
8823 759000 13
8823 760500 13
8823 762000 11
9278 714000 13
9278 715500 13
9278 717000 14
9278 718500 14
9278 720000 15
9278 721500 15
9278 723000 14
9278 724500 14
9278 726000 13
9278 742500 13
9278 744000 13
9278 745500 14
9278 747000 14
9278 748500 14
9278 750000 14
9278 751500 14
9278 753000 13
9278 754500 13
9453 790500 17
9453 792000 18
9453 793500 18
9453 795000 19
9453 796500 18
9453 798000 17
9546 736500 16
9546 738000 18
9546 739500 18
9546 741000 18
9546 742500 17
9546 744000 16
9973 769500 13
9973 771000 14
9973 772500 14
9973 774000 14
9973 775500 15
9973 777000 13
9973 799500 16
9973 801000 17
9973 802500 18
9973 804000 18
9973 805500 18
9973 807000 18
9973 808500 17
9973 810000 13
10053 756000 16
10053 757500 15
10053 759000 16
10053 760500 16
10053 762000 16
10053 763500 15
10053 771000 20
10053 772500 21
10053 774000 22
10053 775500 22
10053 777000 22
10053 778500 22
10053 780000 21
10053 781500 21
10053 783000 21
10053 784500 22
10053 786000 22
10053 787500 22
10053 789000 22
10053 790500 22
10053 792000 22
10053 793500 20
10053 795000 19
10053 796500 17
10053 798000 16
10053 799500 15
10067 789000 18
10067 790500 20
10067 792000 21
10067 793500 21
10067 795000 21
10067 796500 21
10067 798000 20
10067 799500 19
10067 801000 17
10067 802500 16
10129 762000 17
10129 763500 19
10129 765000 19
10129 766500 19
10129 768000 18
10129 769500 17
10129 771000 16
10129 772500 15
10171 762000 14
10171 763500 15
10171 765000 16
10171 766500 16
10171 768000 16
10171 769500 16
10171 771000 15
10171 772500 14
10171 790500 16
10171 792000 17
10171 793500 17
10171 795000 16
10171 796500 16
10171 798000 16
10171 799500 16
10171 801000 17
10171 802500 17
10171 804000 18
10171 805500 18
10171 807000 17
10171 808500 17
10171 810000 15
10171 811500 15
10209 546000 20
10209 547500 21
10209 549000 21
10209 550500 22
10209 552000 22
10209 553500 22
10209 555000 22
10209 556500 22
10209 558000 21
10209 559500 21
10209 561000 21
10209 562500 20
10246 784500 16
10246 786000 17
10246 787500 18
10246 789000 19
10246 790500 18
10246 792000 19
10246 793500 19
10246 795000 19
10246 796500 18
10246 798000 18
10246 799500 18
10246 801000 16
10246 802500 15
10246 804000 14
10288 790500 19
10288 792000 20
10288 793500 21
10288 795000 21
10288 796500 22
10288 798000 22
10288 799500 21
10288 801000 20
10288 802500 19
10288 804000 17
11251 724500 30
11251 726000 30
11251 727500 30
11251 729000 30
11251 730500 30
11251 732000 31
11251 733500 31
11251 735000 31
11251 736500 31
11251 738000 31
11251 739500 31
11251 741000 32
11251 742500 32
11251 744000 32
11251 745500 32
11251 747000 32
11251 748500 32
11251 750000 31
11251 751500 31
11251 753000 31
11251 754500 31
11251 756000 31
11251 757500 31
11251 759000 31
11251 760500 30
11251 762000 30
11251 763500 30
11251 765000 30
11874 660000 25
11874 661500 26
11874 663000 26
11874 664500 25
11874 666000 24
11874 667500 22
